[descriptive data]
title	JP2022-140076 Example 1
#patent	country	number	example	year	inventors	org	link
patent	JP	JP2022-140076	EX 1	2021	Yosuke Utagawa, Masaki Maruyama	Sony Group Corp	https://patents.google.com/patent/JP2022140076A/en
lens name	Sony FE 50mm F1.2 GM
[constants]
[variable distances]
Focal Length	53.90
Angle of View	43.52
F-Number	1.21
Image Height	43.26
Total Length	130.0
d0	Infinity	280.0
d7	2.7386	8.8679
d11	17.1293	11.0
d15	9.9306	5.2530
d20	3.0	7.6776
Bf	1.0
[lens data]
1	-73.4046	1.6384	1.77047	50.0	29.7	NBFD29
2	86.7316	3.2478		50.0
3	463.1362	8.5410	1.91082	51.0	35.2	TAFD35
4	-55.0045	1.5819	1.73037	53.0	32.2	NBFD32
5	-103.8048	0.1		53.0
6	52.1310	8.7586	1.95150	57.5	29.8	M-TAFD405
7	-899.0845	d7		57.5
8	-438.1637	2.8474	1.98613	55.0	16.5	FDS16-W
9	-137.8435	0.25		55.0
10	-1848.8197	1.5254	1.59270	52.0	35.4	FF5
11	36.1871	d11		45.0
12	AS	0.1604		45.0
13	1799.6904	1.3559	1.85451	46.0	25.2	NBFD25
14	33.41	12.3973	1.717	46.0	48.0	LAF3
15	-92.5787	d15		46.0
16	-136.8230	1.3559	1.85451	44.0	25.2	NBFD25
17	54.2200	8.8260	1.69680	44.0	55.5	LAC14
18	-76.3453	0.1		44.0
19	49.6469	8.3761	1.59208	43.0	61.0	L-BAL35P
20	-90.7873	d20		43.0
21	89.7175	9.4120	1.94595	43.0	18.0	FDS18
22	-90.3001	1.3559	1.59270	40.0	35.4	FF5
23	25.9835	7.0733		30.0
24	-115.6443	1.6384	1.85135	31.0	40.1	M-TAFD305
25	-3097.7167	13.16		31.0
26	CG	2.5	1.51680	43.2	64.2	BSC7
27	CG	1.0		43.2
[aspherical data]
6	52.1310	0	-5.97602E-7	-2.33536E-10	1.54112E-13	-1.39653E-16
7	-899.0845	0	6.845E-7	-1.50949E-10	1.72288E-13	-1.12191E-16
19	49.6469	0	-1.54185E-6	-1.01582E-9	3.58078E-13	-3.24374E-16
20	-90.7873	0	-1.08769E-6	-1.31196E-9	1.78961E-12	-1.30874E-15
24	-115.6443	0	-3.06291E-6	-4.89645E-8	1.64862E-10	-1.89914E-13
25	-3097.7167	0	3.17286E-6	-4.12242E-8	1.52687E-10	-1.31311E-13
[figure]
[notes]

