[descriptive data]
title	US 2026/0235852 Example 1
[constants]
[variable distances]
Focal Length	14.42
Angle of View	104.8
F-Number	1.45
Image Height	37.46
Magnification	0
Bf	13.413
[lens data]
1	72.028	2.8	1.58313	58.66	59.46	BACD12	Hoya
2	16.266	13.91		39.96		
3	230.372	2.5	1.854	35.58	40.39	L-LAH85	Ohara
4	36.824	5.96		28.76		
5	-52.544	1.7	1.497	28.33	81.61	FCD1	Hoya
6	227.055	3.25	2.001	28.33	29.13	TAFD55	Hoya
7	-66.875	4.72		28.33		
8	-19.936	1.2	1.43384	25.34	95.26	NICF-A	Hikari
9	-174.771	1.15		25.34		
10	666.926	7.95	1.755	29.72	52.32	TAC6	Hoya
11	-19.196	1.2	1.90366	29.72	31.32	TAFD25	Hoya
12	-37.194	0.3		29.72		
13	366.22	4.19	2.001	31.62	29.13	TAFD55	Hoya
14	-49.913	0.88		31.62		
15	-452.541	1.3	1.85478	30.66	24.8	S-NBH56	Ohara
16	126.23	4.59		30.66		
17	AS	1.99		27.552		
18	51.465	6.73	1.7432	29.44	49.3	L-LAM60	Ohara
19	-64.595	0.7	1.5706	29.44	20.1	
20	-47.173	1.1	1.66565	29.44	35.6	
21	52.87	5.67		28.08		
22	102.903	7.91	1.59282	25.9	68.62	FCD505	Hoya
23	-18.997	0.9	1.85478	25.9	24.8	S-NBH56	Ohara
24	104.859	0.26		25.9		
25	40.761	5.64	1.53775	26.58	74.7	S-FPM3	Ohara
26	-40.761	0.3		26.58		
27	80.536	4.9	1.92286	28.6	20.88	E-FDS1	Hoya
28	-52.817	0.24		28.6		
29	-451.581	2.6	1.854	27.78	40.39	L-LAH85	Ohara
30	52.55	6.98		27.78		
31	1258.224	9.47	1.59282	33.78	68.62	FCD505	Hoya
32	-19.963	1.1	2.001	33.78	29.13	TAFD55	Hoya
33	-38.825	13.413		33.78		
[aspherical data]
1	72.028	0.0	2.85263E-6	-1.06525E-9	6.56552E-12	-1.19824E-14	1.27858E-17	-5.74533E-21	
2	16.266	-0.763673	3.24368E-7	1.3829E-8	-2.16651E-10	1.03526E-12	-2.85465E-15	2.51224E-18	
3	230.372	0.0	-1.9333E-5	5.99502E-8	2.63193E-11	-1.91446E-13	0.0	
4	36.824	0.0	-1.26314E-6	8.53091E-8	3.29375E-10	-1.43389E-12	6.79219E-15	
29	-451.581	0.0	-1.36198E-5	-5.539E-9	2.76263E-11	-2.94829E-13	7.2534E-16	
[notes]
Generated by Beam42
[patent info]
country	US
number	US20260235852
example	1
year applied	2025
inventors	WATANABE TATSURO
current assignee	Canon Inc
original assignee	Canon Inc
link	https://worldwide.espacenet.com/patent/search?q=pn%3DUS20260235852A1
[report data]
lens name	Canon RF 14mm F1.4 L VCM
