[descriptive data]
title	US 3,864,026 Example 4 (Ricoh smc Pentax-A 15mm F3.5)
[constants]
Scaled	15	1
[variable distances]
Focal Length	15
Angle of View	110
F-Number	3.5
Image Height	43.2
Magnification	0
d0	Infinity
Bf	35.01
[lens data]
1	48.330	2.820	1.623	66.75	58.1
2	25.845	11.820		48.75
3	49.740	1.830	1.691	49.35	54.7
4	23.880	10.590		39.30
5	185.550	4.665	1.785	40.20	26.1
6	-153.900	0.915		40.20
7	37.575	1.395	1.713	34.50	53.9
8	19.800	7.530		28.80
9	51.555	11.265	1.713	29.10	53.9
10	-19.800	0.000		29.10
11	-19.800	3.945	1.548	29.10	45.8
12	-59.970	0.105		29.10
13	20.235	0.705	1.788	18.15	47.4
14	7.605	3.465		12.60
15	26.400	5.745	1.785	13.50	26.1
16	-104.370	0.840		10.65
17	Infinity	0.780	1.522	10.95	59.5
18	Infinity	0.645		10.95
19	-251.100	2.640	1.465	10.95	65.7
20	-10.590	0.870		10.95
21AS	AS	0.855		9.737
22	-20.085	7.035	1.785	10.35	26.1
23	37.035	0.000		13.65
24	37.035	0.015	1.510	13.65	59.0
25	40.515	1.020		13.65
26	-52.305	2.130	1.465	12.00	65.7
27	-13.050	0.045		12.00
28	-63.075	2.475	1.465	14.55	65.7
29	-15.735	Bf		14.55
[aspherical data]
25	40.515	-1	3.097721E-05	-4.585680E-09
[figure]
source	Data/US003864026_Figure03P.png
originX	10.44
originY	125.76
ppmm	3.153
[figure]
source	Data/US003864026_Figure03.png
originX	239.69
originY	387.45
ppmm	9.830
[notes]
Bill: Optical Bench limitation surface R'10 -> 10 
