[descriptive data]
title	US 3,864,026 Example 5
[constants]
Scaled	15	1
[variable distances]
Focal Length	15
Angle of View	110
F-Number	3.5
Image Height	43.2
Magnification	0
d0	Infinity
Bf	35.355
[lens data]
1	52.080	3.075	1.623	70.46	58.1
2	26.670	13.980		50.71
3	60.585	2.085	1.691	52.38	54.7
4	27.060	9.840		41.28
5	152.250	5.130	1.785	42.64	26.1
6	-135.645	0.120		42.64
7	42.885	2.520	1.713	36.34	53.9
8	19.155	6.855		30.54
9	36.345	13.725	1.713	30.88	53.9
10	-19.860	0.000		30.88
11	-19.860	3.345	1.564	30.88	43.8
12	-57.195	0.060		30.88
13	26.100	0.720	1.788	19.10	47.4
14	7.515	3.345		13.50
15	25.725	5.520	1.785	14.32	26.1
16	-129.900	0.735		10.06
17	Infinity	0.795	1.522	12.28	59.5
18	Infinity	0.705		12.28
19	-880.800	2.655	1.465	12.78	65.7
20	-10.695	0.795		12.78
21AS	AS	0.795		9.793
22	-23.265	7.650	1.785	11.58	26.1
23	34.560	1.185		14.32
24	-39.060	2.475	1.465	12.62	65.7
25	-12.360	0.060		12.62
26	200.100	2.730	1.465	15.68	65.7
27	-21.645	Bf		15.68
[figure]
source	Data/US003864026_Figure03.png
originX	239.69
originY	387.45
ppmm	9.318
[!figure]
source	Data/US003864026_Figure03P.png
originX	10.44
originY	125.76
ppmm	3.013
[notes]
