[descriptive data]
title	JP 2012-027217 Example 5 (Sigma 120-300mm F2.8 DG OS HSM Sport)
[constants]
[variable distances]
Focal Length	123.75	189.94	289.47	undefined	undefined	undefined
F-Number	2.9	2.9	2.9	undefined	undefined	undefined
Angle of View	19.80	13.00	8.50	undefined	undefined	undefined
Image Height	43.26	43.26	43.26	43.26	43.26	43.26
Total Length	330	330	330	330	330	330
Magnification	0	0	0	-0.025	-0.025	-0.025
d0	Infinity	Infinity	Infinity	4760.0000	7190.0000	10865.0000
d6	2.4995	41.9003	67.4995	2.4995	41.9003	67.4995
d15	42.9416	27.5915	4.3462	45.2866	31.1669	9.7846
d20	52.8452	28.7945	26.4406	50.5003	25.2191	21.0022
Bf	55.27	55.27	55.27	55.27	55.27	55.27
[lens data]
1	296.1563	3.5000	1.80610	99.900	33.26	NBFD15
2	151.5152	0.1500		98.742	
3	151.5152	14.5835	1.43700	98.788	94.97	FCD100
4	-323.1248	0.1500		98.746	
5	121.9843	11.1548	1.43700	96.522	94.97	FCD100
6	816.7428	d6		95.568	
7	106.1720	9.7057	1.76181	62.360	26.60	FD14
8	-241.5127	2.0000	1.48749	60.286	70.41	FC5
9	169.1358	4.4143		55.572	
10	269.5277	1.8000	1.72916	52.516	54.65	TAC8
11	93.0684	4.2351		50.206	
12	-465.2950	1.7500	1.80420	50.140	46.48	TAF3
13	109.5567	5.9810		48.740	
14	-95.1590	1.7500	1.80420	48.732	46.48	TAF3
15	422.3129	d15		49.678	
16	335.5392	8.4477	1.48749	52.000	70.41	FC5
17	-61.4768	1.7500	1.80610	52.340	33.26	NBFD15
18	-94.9507	0.1500		53.600	
19	407.3899	3.2390	1.51680	54.288	64.17	BSC7
20	-407.3899	d20		54.354	
21	59.0520	9.0346	1.49700	54.394	81.58	FCD1
22	-859.0671	8.2482		53.732	
23	49.7493	8.0000	1.77250	45.958	49.60	TAF1
24	83.0967	2.4272		42.136	
25	661.9343	2.2000	1.80610	42.092	33.26	NBFD15
26	30.9722	7.4489	1.48749	37.798	70.41	FC5
27	72.1770	8.1747		36.706	
28	AS	9.3966		35.400	
29	54.6204	6.0034	1.71300	32.960	53.92	LAC8
30	1000.0000	5.0000		31.800	
31	514.6967	4.0140	1.80518	31.228	25.45	FD60
32	-55.3320	1.0000	1.48749	30.968	70.41	FC5
33	37.4105	4.7078		28.912	
34	-63.8576	1.0000	1.71300	28.896	53.92	LAC8
35	47.0346	3.8000		29.572	
36	82.0066	6.1165	1.58144	31.612	40.87	FL5
37	-63.0820	0.1500		32.400	
38	68.7019	8.2426	1.48749	33.594	70.41	FC5
39	-39.1070	1.2000	1.83400	33.628	37.33	NBFD10
40	172.0806	0.1500		34.736	
41	59.8680	5.3635	1.54072	35.816	47.18	FEL2
42	-672.9107	Bf		36.062	
[figure]
source	Data/JP2012-027217_Figure41.png
originX	22.99
originY	288.16
ppmm	4.176
[figure]
source	Data/JP2012-027217_Figure41P.png
originX	15.44
originY	119.43
ppmm	1.971
[notes]
Bill: Patent supplies diameters including AD.
[report data]
lens name	Sigma 120-300mm F2.8 DG OS HSM Sport
scenarios	0	2
names	120mm f2.8	300mm f2.8