[descriptive data]
title	JP 2012-027217 Example 5 (Sigma 120-300mm F2.8 DG OS HSM Sport)
[constants]
[variable distances]
Focal Length	123.75	289.47
Angle of View	19.8	8.5
F-Number	2.9	2.9
Image Height	43.26	43.26
Magnification	0	0
Bf	55.27	55.27
d6	2.4995	67.4995
d15	42.9416	4.3462
d20	52.8452	26.4406
[lens data]
1	296.1563	3.5	1.8061	99.9	33.27	NBFD15
2	151.5152	0.15		98.742		
3	151.5152	14.5835	1.437	98.788	95.1	FCD100
4	-323.1248	0.15		98.746		
5	121.9843	11.1548	1.437	96.522	95.1	FCD100
6	816.7428	d6		95.568		
7	106.172	9.7057	1.76182	62.36	26.55	FD14
8	-241.5127	2.0	1.48749	60.286	70.44	FC5
9	169.1358	4.4143		55.572		
10	269.5277	1.8	1.72916	52.516	54.67	TAC8
11	93.0684	4.2351		50.206		
12	-465.295	1.75	1.8042	50.14	46.5	TAF3
13	109.5567	5.981		48.74		
14	-95.159	1.75	1.8042	48.732	46.5	TAF3
15	422.3129	d15		49.678		
16	335.5392	8.4477	1.48749	52.0	70.44	FC5
17	-61.4768	1.75	1.8061	52.34	33.27	NBFD15
18	-94.9507	0.15		53.6		
19	407.3899	3.239	1.5168	54.288	64.2	BSC7
20	-407.3899	d20		54.354		
21	59.052	9.0346	1.497	54.394	81.61	FCD1
22	-859.0671	8.2482		53.732		
23	49.7493	8.0	1.7725	45.958	49.62	TAF1
24	83.0967	2.4272		42.136		
25	661.9343	2.2	1.8061	42.092	33.27	NBFD15
26	30.9722	7.4489	1.48749	37.798	70.44	FC5
27	72.177	8.1747		36.706		
28	AS	9.3966		35.4		
29	54.6204	6.0034	1.713	32.96	53.94	LAC8
30	1000.0	5.0		31.8		
31	514.6967	4.014	1.80518	31.228	25.46	FD60
32	-55.332	1.0	1.48749	30.968	70.44	FC5
33	37.4105	4.7078		28.912		
34	-63.8576	1.0	1.713	28.896	53.94	LAC8
35	47.0346	3.8		29.572		
36	82.0066	6.1165	1.58144	31.612	40.89	FL5
37	-63.082	0.15		32.4		
38	68.7019	8.2426	1.48749	33.594	70.44	FC5
39	-39.107	1.2	1.834	33.628	37.35	NBFD10
40	172.0806	0.15		34.736		
41	59.868	5.3635	1.54072	35.816	47.2	FEL2
42	-672.9107	Bf		36.062		
[aspherical data]
[notes]
Generated by Beam42
[patent info]
[report data]
lens name	Sigma 120-300mm F2.8 DG OS HSM Sport
scenarios	0	1
names	120mm f2.8	300mm f2.8
