[descriptive data]
[variable distances]
Focal Length	58.0
Angle of View	40.9
F-Number	1.2
Image Height	43.28
Bf	37.78
[lens data]
1	84.59925591137105	6.885	1.795	50.4875	45.31	J-LASF017
2	0.0	0.1		50.4875
3	36.03297593786682	9.75	1.8485	44.832	43.79	J-LASFH22
4	83.8724558933465	1.56		44.832
5	156.45045938357728	2.87	1.74	42.169	28.3	S-TIH3
6	24.36712317946645	8.44		32.12841
7	AS	7.95		31.227
8	-22.961801675590422	1.64	1.74077	31.445	27.79	S-TIH13
9	300.0856427157525	8.196	1.788	40.2	47.37	TAF4
10	-34.84707584113019	0.15		40.2
11	-396.8376385600991	6.147	1.7725	39.5	46.62	J-LASF016
12	-58.20657591071125	0.0		39.5
13	229.6907627901665	4.016	1.795	38.275	45.31	J-LASF017
14	-100.98813446399573	37.78		38.275
[aspherical data]
1	84.59925591137105	-0.4241063580815909	6.226689653434685E-7	-2.166440347581639E-9	3.3779691168576508E-12	-1.6637590739864958E-15