[descriptive data]
[constants]
[variable distances]
Focal Length	49.017
Angle of View	46.0
F-Number	1.2
Image Height	43.2
Magnification	0
Bf	0.505
[lens data]
1	118.78	6.6	1.8061	41.233	40.73	M-NBFD130
2	-87.61	1.5	1.48749	40.611	70.44	H-QK3L
3	41.009	10.392		38.804
4	-35.997	1.5	1.77047	38.771	29.74	NBFD29
5	122.296	10.4	1.5928	44.791	68.34	H-ZPK5
6	-41.197	0.15		45.867
7	197.321	7.3	2.001	50.259	29.13	TAFD55-W
8	-77.813	0.15		50.427
9	95.683	1.0	1.64769	46.84	33.84	H-ZF1
10	45.506	7.353		44.848
11	AS	15.594		44.679
12	46.626	4.0	1.883	42.266	40.81	H-ZLAF68B
13	76.029	5.492		41.325
14	-72.262	1.5	1.61293	41.528	37.0	H-F2
15	44.759	9.7	1.5928	41.001	68.34	H-ZPK5
16	-56.999	1.0		40.961
17	-109.274	1.5	1.77047	39.208	29.74	NBFD29
18	46.003	9.0	1.5928	38.11	68.34	H-ZPK5
19	-88.756	0.15		37.927
20	61.323	7.112	1.92286	40.281	20.88	E-FDS1-W
21	-243.144	0.15		40.028
22	42.029	6.1	1.883	38.208	40.81	H-ZLAF68B
23	184.079	1.5	1.84666	36.661	23.78	H-ZF52GT
24	26.468	7.921		32.633
25	-188.696	2.0	1.8061	32.681	40.73	M-NBFD130
26	500.0	14.935		33.384
27	0.0	2.5	1.5168	41.948	64.2	H-K9L
28	0.0	0.505		42.893
[aspherical data]
1	118.78	0.0	-2.12543E-6	-9.24523E-10	2.59673E-12	-5.52718E-15	4.60898E-18
25	-188.696	0.0	-7.82175E-6	-6.442079E-8	5.28268E-10	-1.5112E-12	1.59754E-15
26	500.0	0.0	-1.6629E-6	-5.56053E-8	4.94078E-10	-1.31612E-12	1.35237E-15