[descriptive data]
title	WO 2020/105104 Example 1 (Nikon Nikkor Z 70-200mm f/2.8 VR S)
[constants]
[variable distances]
Focal Length	71.50119	135.00000	196.00000	undefined	undefined	undefined
Angle of View	33.79332	17.81742	12.27158	undefined	undefined	undefined
F-Number	2.88277	2.86370	2.87906	undefined	undefined	undefined
Image Height	43.40	43.40	43.40	43.40	43.40	43.40
Total Length	199.88619	199.88619	199.88619	199.88619	199.88619	199.88619
Magnification	0.00000	0.00000	0.00000	-0.08318	-0.14416	-0.19832
d0	Infinity	Infinity	Infinity	767.56691	767.56691	767.56691
d5	1.59716	33.49859	49.53103	1.59716	33.49859	49.53103
d13	37.80333	11.65214	1.60516	37.80333	11.65214	1.60516
d15	14.09965	8.34942	2.36395	14.09965	8.34942	2.36395
d19	4.24982	7.07950	8.12305	4.24982	7.07950	8.12305
d23	5.35666	2.52698	1.48342	5.35666	2.52698	1.48342
d30	3.81632	6.22894	4.10722	5.10137	11.89468	15.63265
d34	28.12371	22.59291	27.70989	24.58984	10.97816	4.65903
d36	3.78960	6.90778	3.91252	6.03843	12.85680	15.43795
Bf	32.54690	32.54690	32.54690	32.54690	32.54690	32.54690
[lens data]
1	116.3456	2.80	2.00100	72.58	29.12
2	85.1330	9.70	1.49782	72.58	82.57
3	Infinity	0.10		72.58
4	92.0132	7.70	1.43385	69.52	95.25
5	696.9876	d5		69.52	
6	58.7700	1.90	1.60300	47.50	65.44
7	31.8775	10.30		41.90
8	-186.5335	1.60	1.49782	42.04	82.57
9	105.3487	0.80		42.04
10	41.0837	3.70	1.66382	40.93	27.35
11	64.0089	5.50		38.04
12	-71.6232	1.90	1.49782	38.04	82.57
13	88.6788	d13		40.93
14	69.4627	3.20	1.94595	40.84	17.98
15	201.8299	d15		40.84	
16	126.2656	4.70	1.49782	40.84	82.57
17	-126.2656	0.10		40.84	
18	47.6635	3.85	1.49782	38.80	82.57
19	122.8662	d19		38.80	
20	AS	3.50		32.336
21	-84.8214	1.80	1.92286	35.04	20.88
22	52.1710	5.00	1.49782	35.04	82.57
23	-170.9325	d23		35.04
24	111.6409	1.70	1.85026	34.52	32.35
25	60.5564	2.00		34.52	
26	58.6826	7.70	1.59306	35.34	66.97
27	-55.8390	1.70	1.62004	35.34	36.40
28	-95.8589	1.30		35.34	
29	58.0393	2.70	1.80100	34.24	34.92
30	135.3004	d30		34.24	
31	-369.2860	2.00	1.94595	29.46	17.98
32	-98.6520	0.80		29.46	
33	1344.9202	1.25	1.71300	28.76	53.96
34	37.1312	d34		26.74
35	119.3999	3.85	1.90265	35.74	35.77
36	-119.3999	d36		35.74	
37	-83.2305	1.90	1.51696	36.22	64.14
38	-335.2793	4.10		37.79
39	-54.7109	1.90	1.56384	36.16	60.71
40	-276.6476	Bf		37.48
[aspherical data]
26	58.6826	0	-2.00E-06	8.31E-10	-6.83E-12	2.63E-14	-3.55E-17
37	-83.2305	0	1.18E-06	1.63E-09	-7.32E-12	2.41E-14	-2.65E-17
[group data]
G1(+)	1	147.97696
G2(-)	6	-40.5909
G3(+)	14	110.66613
G4(+)	16	69.76371
G5(-)	20	-62.56946
G6(+)	24	56.88582
G7(-)	31	-87.28124
G8(+)	35	66.64828
G9(-)	37	-76.28082
[figure]
source	Data/WO2020-105104_Figure01W.png
originX	24.81
originY	338.22
ppmm	8.421
[figure]
source	Data/WO2020-105104_Figure01WP.png
originX	9.94
originY	155.02
ppmm	2.925
[notes]
Bill: d0 computed; looks like S is 1000mm
