[descriptive data]
title	US 4,046,459 Example 1
[constants]
Scaled	28	1
[variable distances]
Focal Length	28
Angle of View	76
F-Number	2.8
Image Height	43.2
Magnification	0
d0	Infinity
Bf	35.8596
[lens data]
1	32.8328	1.7696	1.61117	33.58	55.9
2	15.8900	6.4120		27.14	
3	53.4184	1.4728	1.56965	25.82	49.4
4	19.1520	5.3452		25.82	
5	50.5820	2.9484	1.74950	21.90	35.2
6	369.6700	4.2280		21.90	
7	33.5944	11.2252	1.71300	17.42	53.9
8	-37.1364	1.4490		17.42	
8AS	AS	5.0330		13.988
9	-19.7848	0.9828	1.76182	13.70	26.6
10	48.2328	1.0808		13.70	
11	-85.1508	3.0464	1.77250	15.88	49.7
12	-18.0180	0.1960		15.88	
13	-129.1360	2.5536	1.77250	18.52	49.7
14	-34.1936	Bf		18.52	
[figure]
source	Data/US004046459_Figure01.png
originX	107.02
originY	436.16
ppmm	20.315
[notes]
