[descriptive data]
title	US 3,992,085 Example 1 (Canon FD24mm f1.4 SSC Aspherical)
[constants]
[variable distances]
Focal Length	24.5
Angle of View	84
F-Number	1.4
Image Height	43.2
Total Length	undefined
Magnification	0
d0	Infinity
Bf	36.500
[lens data]
1	50.193	1.500	1.58913	51.10	61.1
2	22.569	11.000		39.24
3	428.240	4.000	1.58913	43.10	61.1
4	-102.530	2.000		43.10
5	44.584	3.000	1.80518	31.93	25.4
6	152.276	1.500	1.58913	31.93	61.1
7	18.288	10.437		25.50
8	28.795	7.000	1.71300	27.72	54.0
9	-39.264	0.200		27.72	
10	-117.870	1.500	1.58921	26.20	41.1
11	35.370	3.403		23.74
11AS	AS	7.278		23.264
12	-15.854	1.000	1.80518	23.00	25.4
13	99.094	4.500	1.77250	27.54	49.6
14	-33.487	0.150		28.56
15	-133.553	5.000	1.77250	31.34	49.6
16	-25.530	0.150		31.34
17	-79.919	6.000	1.77250	35.71	49.6
18	-27.816	Bf		35.71
[aspherical data]
14	-33.487	0	2.0647E-05	3.6845E-08	-8.0225E-11	5.2622E-14
[figure]
source	Data/US003992085_Figure01P.png
originX	79.49
originY	325.97
ppmm	8.003
[notes]			
