[descriptive data]
title	US 3,992,085 Example 3
[constants]
[variable distances]
Focal Length	24.5
Angle of View	84
F-Number	1.4
Image Height	43.2
Total Length	undefined
Magnification	0
d0	Infinity
Bf	36.500
[lens data]
1	58.377	1.500	1.58913	49.32	61.1
2	22.505	10.000		39.26	
3	85.255	4.500	1.58913	38.06	61.1
4	-101.797	2.000		38.06	
5	61.083	1.500	1.58913	30.20	61.1
6	19.598	8.139		26.26	
7	26.570	3.000	1.80518	27.14	25.4
8	62.807	7.960	1.58913	27.14	61.1
9	-36.357	0.200		27.14	
10	-177.303	1.500	1.60562	24.74	43.7
11	36.089	2.968		22.30
11AS	AS	6.701		21.917
12	-14.680	1.000	1.80518	22.12	25.4
13	43.066	5.500	1.77250	27.26	49.6
14	-34.315	0.150		28.68	
15	-86.111	4.500	1.77250	30.52	49.6
16	-27.367	0.150		30.52	
17	-288.678	6.000	1.77250	33.36	49.6
18	-27.467	Bf		33.36	
[aspherical data]
14	-34.315	0	1.8703E-05	3.3568E-08	-4.6676E-11	2.3254E-14
[figure]
source	Data/US003992085_Figure05.png
originX	194.38
originY	475.87
ppmm	13.689
[notes]			
