[descriptive data]
title	US 3,992,085 Example 2
[constants]
[variable distances]
Focal Length	24.5
Angle of View	84
F-Number	1.4
Image Height	43.2
Total Length	undefined
Magnification	0
d0	Infinity
Bf	36.500
[lens data]
1	51.399	1.500	1.58913	51.63	61.1
2	23.989	10.500		40.99
3	146.244	4.000	1.58913	42.86	61.1
4	-123.350	2.000		42.86	
5	36.242	3.000	1.80518	29.48	25.4
6	179.177	1.500	1.58913	29.48	61.1
7	16.966	8.297		23.48	
8	-37.872	1.500	1.59270	21.06	35.6
9	102.608	0.200		23.48	
10	31.802	5.500	1.71300	25.12	54.0
11	-39.227	2.578		25.12
11AS	AS	9.394		23.667
12	-15.730	1.000	1.80518	22.76	25.4
13	131.434	5.742	1.77250	27.30	49.6
14	-34.176	0.150		29.53
15	-159.831	5.000	1.77250	31.20	49.6
16	-25.585	0.150		31.20
17	-60.981	5.500	1.77250	35.13	49.6
18	-27.134	Bf		35.13
[aspherical data]
14	-34.176	0	2.1699E-05	3.5319E-08	-9.2699E-11	6.1850E-14
[figure]
source	Data/US003992085_Figure03.png
originX	176.59
originY	449.33
ppmm	13.791
[notes]			
