[descriptive data]
title	US 3,992,085 Example 4
[constants]
[variable distances]
Focal Length	24.5
Angle of View	84
F-Number	1.2
Image Height	43.2
Total Length	undefined
Magnification	0
d0	Infinity
Bf	36.500
[lens data]
1	52.588	1.500	1.58913	53.60	61.1
2	23.253	11.500		39.60	
3	259.462	4.000	1.58913	44.20	61.1
4	-114.240	2.000		44.20	
5	62.037	3.000	1.80518	35.24	25.4
6	-663.006	1.500	1.58913	35.24	61.1
7	22.020	10.176		27.82	
8	30.008	8.500	1.71300	32.62	54.0
9	-44.126	0.200		32.62	
10	-205.146	1.500	1.60342	29.68	38.0
11	36.176	2.910		26.43
11AS	AS	7.947		26.215
12	-15.970	1.000	1.80518	25.91	25.4
13	61.807	6.000	1.77250	34.35	49.6
14	-34.966	0.150		35.25
15	-110.588	6.000	1.77250	37.29	49.6
16	-28.608	0.150		37.75
17	-172.401	7.000	1.77250	41.10	49.6
18	-30.041	Bf		41.10
[aspherical data]
14	-34.966	0	1.7296E-05	3.2608E-08	-5.5526E-11	1.6503E-14
[figure]
source	Data/US003992085_Figure07.png
originX	167.70
originY	460.33
ppmm	13.689
[notes]			
Bill: Repair r10 sign.
