[descriptive data]
title	WO 2026/172598 Example 1 (Nikon Nikkor Z 70-200mm f/2.8 VR S II)
[constants]
[variable distances]
Focal Length	71.402	134.997	195.996
Angle of View	34.730	18.092	12.476
F-Number	2.891	2.904	2.905
Image Height	43.400	43.400	43.400
Total Length	221.226	221.226	221.226
Magnification	0	0	0
d0	Infinity	Infinity	Infinity
d6	2.309	34.810	51.249
d8	16.234	12.596	10.303
d14	44.546	15.684	1.537
d27	3.004	5.450	3.287
d31	29.459	25.898	29.790
d33	5.625	6.740	5.011
Bf	0	0	0
[lens data]
1	148.0643	5.200	1.48749	71.66	70.32
2	1994.3176	0.200		71.66	
3	80.0925	1.750	1.77047	68.60	29.74
4	58.6156	0.150		66.20	
5	58.8499	12.300	1.43384	66.20	95.24
6	Infinity	d6		66.20	
7	175.6186	1.200	1.55298	46.58	55.07
8	36.2521	d8		42.66	
9	-87.8742	1.200	1.51860	39.06	69.89
10	85.9441	0.920		39.06	
11	61.6974	3.350	2.00069	40.78	25.46
12	199.9422	3.780		38.16
13	-65.6269	1.300	1.43700	38.16	95.10
14	343.5775	d14		40.78	
15	44.8990	5.200	1.62200	43.68	30.66
16	143.2662	1.140		41.28	
17	51.0231	7.300	1.49710	41.62	81.56
18	-515.3446	3.460		41.62	
19	AS	6.570		35.922
20	510.7413	1.250	1.85451	34.88	25.15
21	28.3750	4.900	1.49782	33.52	82.57
22	61.8272	2.350		33.52	
23	52.6942	8.150	1.59306	33.86	66.97
24	-62.2400	1.150	1.80809	33.86	22.74
25	-102.3307	1.450		33.86	
26	53.2315	3.100	1.80610	33.36	33.27
27	182.6567	d27		33.36	
28	286.5320	2.600	1.80809	28.06	22.74
29	-166.6633	1.100		28.06	
30	-303.2044	1.200	1.78800	26.02	47.35
31	33.0069	d31		24.48	
32	133.0887	5.400	1.68376	37.44	37.64
33	-65.3298	d33		37.44	
34	-34.6941	1.400	1.58335	36.76	59.55
35	-123.3430	29.750		38.48	
36	CG	1.600	1.51680	45.82	64.13
37	CG	0.174		45.82	
[aspherical data]
17	51.0231	0	-1.14012E-06	-3.66784E-11		
18	-515.3446	0	1.30042E-06	1.61832E-10	-1.7047E-13	
23	52.6942	0	-1.60023E-06	8.51352E-11	-5.5987E-13	
34	-34.6941	0	5.46682E-06	2.52568E-10	4.7014E-12	-4.3092E-15
[group data]
G1	1	144.437
G2	7	-82.865
G3	9	-116.883
G4	15	45.608
G5	28	-54.313
G6	32	64.803
G7	34	-83.234
[figure]
source	Data/WO2026-172598_Figure01w.png
originX	36.03
originY	376.16
ppmm	5.440
[figure]
source	Data/WO2026-172598_Figure01wP.png
originX	18.46
originY	314.17
ppmm	4.658
[notes]
