[descriptive data]
title	US 4,732,459 Example 4 (Nikon Nikkor 300mm f/2 ED-IF)
[constants]
[variable distances]
Focal Length	300.0
Angle of View	8.17
F-Number	2.0
Image Height	43.2
Magnification	0
Bf	112.13
[lens data]
1	443.373	14.5	1.49782	160.7	82.57	J-FKH1
2	-745.663	0.5		160.7		
3	235.41	21.0	1.49782	154.86	82.57	J-FKH1
4	-599.816	6.85		154.86		
5	-527.848	6.0	1.7495	151.54	35.25	J-LAF7
6	473.787	1.7		151.54		
7	176.9	15.0	1.49782	143.2	82.57	J-FKH1
8	558.189	102.701		143.2		
9	749.672	8.0	1.79504	77.78	28.69	J-LAFH3
10	-189.496	3.65	1.51454	76.12	54.7	KF3
11	125.271	12.0		67.78		
12	-148.765	4.8	1.4645	66.12	65.77	FK3
13	97.985	27.388		66.12		
14	AS	1.0		60.292		
15	-1754.216	1.5	1.68893	65.7	31.16	J-SF8
16	110.0	7.75	1.6935	65.7	53.2	J-LAK13
17	-317.94	2.0		65.7		
18	169.454	2.4	1.69895	64.44	30.13	J-SF15
19	113.525	8.0	1.6968	62.78	55.52	J-LAK14
20	-254.06	112.13		62.78		
[aspherical data]
[notes]
Generated by Beam42
[patent info]
[report data]
