[descriptive data]
title	JP 1999-030743 Example 6 (Canon EF24mm f1.4L USM)
[constants]
[variable distances]
Focal Length	24.6
Angle of View	82.7
F-Number	1.45
Image Height	43.28
Magnification	0
d0	Infinity
Bf(p)	36.467
Bf	37.59
[lens data]
1	62.718	2.800	1.696797	58.07	55.53
2	30.193	6.050		46.58
3	57.228	2.300	1.696797	48.14	55.53
4	32.815	6.591		41.64	
5	212.090	4.834	1.712995	42.72	53.84
6	-102.305	3.588		42.72
7	79.693	2.923	1.846660	34.22	23.78
8	1827.319	1.700	1.496999	34.22	81.61
9	23.337	7.000		25.86	
10	FS	4.759		23.73
11	30.725	7.200	1.804000	29.85	46.58
12	-58.056	0.150		29.85
13	-448.592	1.605	1.728250	28.20	28.64
14	38.753	5.098		25.16	
15	AS	7.843		23.633
16	-16.295	1.500	1.805181	23.70	25.42
17	4455.645	3.649	1.834807	29.90	42.72
18	-35.709	0.150		29.90
19	-199.304	6.939	1.613112	31.59	60.70
20	-23.537	0.150		31.59
21	-85.475	5.342	1.772499	35.94	49.60
22	-29.783	Bf		36.58
[aspherical data]
18	-35.709	0	2.04769E-05	2.22129E-08	-2.10838E-11	-1.45493E-13	2.10282E-16
[figure]
source	Data/JP1999-030743_Figure07.png
originX	136.60
originY	409.66
ppmm	11.469
[figure]
source	Data/JP1999-030743_Figure07P.png
originX	40.48
originY	121.50
ppmm	2.340
[notes]
