[descriptive data]
title	JP 1999-030743 Example 6 (Canon EF24mm f1.4L USM)
[constants]
[variable distances]
Focal Length	24.6
Angle of View	82.7
F-Number	1.45
Image Height	43.28
Magnification	0
d0	Infinity
Bf(p)	36.467
Bf	37.59
[lens data]
1	62.718	2.800	1.696797	54.98	55.53
2	30.193	6.050		46.92	
3	57.228	2.300	1.696797	46.61	55.53
4	32.815	6.591		41.64	
5	212.090	4.834	1.712995	40.84	53.84
6	-102.305	3.588		40.84	
7	79.693	2.923	1.846660	33.42	23.78
8	1827.319	1.700	1.496999	33.42	81.61
9	23.337	7.000		25.86	
10	FS	4.759		23.73
11	30.725	7.200	1.804000	28.76	46.58
12	-58.056	0.150		28.76	
13	-448.592	1.605	1.728250	27.28	28.64
14	38.753	5.098		25.16	
15	AS	7.843		23.633
16	-16.295	1.500	1.805181	23.70	25.42
17	4455.645	3.649	1.834807	28.94	42.72
18	-35.709	0.150		28.94	
19	-199.304	6.939	1.613112	30.10	60.70
20	-23.537	0.150		31.28	
21	-85.475	5.342	1.772499	33.54	49.60
22	-29.783	Bf		36.98	
[aspherical data]
18	-35.709	0	2.04769E-05	2.22129E-08	-2.10838E-11	-1.45493E-13	2.10282E-16
[figure]
source	Data/JP1999-030743_Figure07P.png
originX	40.48
originY	121.50
ppmm	2.340
[figure]
source	Data/JP1999-030743_Figure07.png
originX	136.60
originY	409.66
ppmm	11.469
[notes]
