[descriptive data]
title	JP 1999-030743 Example 3
[constants]
[variable distances]
Focal Length	24.6
Angle of View	82.7
F-Number	1.45
Image Height	43.28
Magnification	0
d0	Infinity
Bf(p)	36.467
Bf	38.41
[lens data]
1	55.114	2.400	1.677900	54.30	55.34
2	22.372	10.715		39.69
3	118.884	3.743	1.487490	40.88	70.21
4	-297.714	4.138		40.88	
5	174.592	1.600	1.433870	33.54	95.10
6	25.474	4.676		28.68	
7	115.680	2.800	1.846658	28.74	23.89
8	-952.493	2.071		28.74	
9	FS	5.731		25.27
10	33.839	7.046	1.834807	28.78	42.72
11	-56.793	0.120		28.78
12	-419.438	1.500	1.688931	27.34	31.07
13	32.748	5.106		25.40	
14	AS	8.483		23.910
15	-15.920	1.500	1.805177	23.66	25.43
16	173.881	4.000	1.834807	28.72	42.72
17	-33.348	0.150		28.72	
18	-215.419	6.854	1.618000	31.08	63.39
19	-23.840	0.150		31.08	
20	-68.549	5.186	1.772499	33.98	49.50
21	-29.617	Bf		36.94	
[aspherical data]
1	55.114	0	1.46257E-06	2.01241E-09	-6.73940E-12	1.06495E-14	-6.09361E-18
16x	173.881	0	1.91184E-05	2.69481E-08	-3.62986E-11	-3.76707E-14	
17	-33.348	0	1.91184E-05	2.69481E-08	-3.62986E-11	-3.76707E-14	
[figure]
source	Data/JP1999-030743_Figure04.png
originX	115.99
originY	414.98
ppmm	11.448
[notes]
Bill: Repaired 2nd aspherical is surface 17 not surface 16.
