[descriptive data]
title	JP 1999-030743 Example 7
[constants]
[variable distances]
Focal Length	24.6
Angle of View	82.7
F-Number	1.45
Image Height	43.28
Magnification	0
d0	Infinity
Bf(p)	36.467
Bf	37.88
[lens data]
1	65.791	2.000	1.638539	53.32	55.38	S-BSM18
2	25.582	10.769		42.36	
3	341.676	4.560	1.487490	41.90	70.21	S-FSL5
4	-89.774	3.740		41.90	
5	90.140	2.951	1.846658	32.70	28.89		S-TIH53
6	-858.656	1.500	1.496999	32.70	81.61	S-FPL51
7	20.874	6.800		25.18	
8	FS	5.524		22.87
9	31.028	7.244	1.804000	28.28	46.58	S-LAH65V
10	-48.501	0.006		28.28	
11	-135.955	1.500	1.698947	26.82	30.13	S-TIM35
12	45.097	4.481		24.86	
13	AS	8.476		23.856
14	-16.032	1.709	1.805177	23.06	25.43	S-TIH6
15	-627.047	3.216	1.834807	28.50	42.72	S-LAH55V
16	-35.100	0.150		28.50	
17	-115.856	6.107	1.592400	30.54	68.30		PCD51
18	-23.010	0.150		30.54	
19	-90.786	5.924	1.772499	33.04	49.60	S-LAH66
20	-28.253	Bf		36.02	
[aspherical data]
16	-35.100	0	2.08710E-05	2.50694E-08	-5.29525E-11	-2.31839E-14
[figure]
source	Data/JP1999-030743_Figure08.png
originX	96.75
originY	412.32
ppmm	11.624
[notes]
