[descriptive data]
title	JP 1999-030743 Example 5
[constants]
[variable distances]
Focal Length	24.6
Angle of View	82.7
F-Number	1.45
Image Height	43.28
Magnification	0
d0	Infinity
Bf(p)	36.457
Bf	38.61
[lens data]
1	60.187	2.800	1.696797	54.18	55.53
2	30.193	6.186		45.92	
3	59.602	2.300	1.696797	45.92	55.53
4	31.983	6.552		41.10	
5	194.761	4.528	1.677900	40.20	55.33
6	-97.779	3.676		40.20	
7	80.907	2.800	1.846658	32.92	23.89
8	662.220	1.700	1.496999	32.92	81.61
9	23.755	6.800		25.44	
10	FS	4.835		23.87
11	31.225	7.371	1.804000	28.26	46.58
12	-57.233	0.150		28.26	
13	-409.276	1.886	1.717362	26.92	29.51
14	39.492	5.035		24.62	
15	AS	8.181		23.798
16	-16?104	1.500	1.805177	23.20	25.43
17	2532.956	3.473	1.834807	28.52	42.72
18	-34.039	0.150		28.52	
19	-190.746	7.008	1.618000	30.08	63.39
20	-23.481	0.150		31.17
21	-74.015	5.104	1.772499	32.66	49.60
22	-29.342	Bf		36.10	
[aspherical data]
18	-34.039	0	2.07636E-05	2.60845E-08	-2.63823E-11	-1.46943E-13	2.10282E-16
[figure]
source	Data/JP1999-030743_Figure06.png
originX	115.58
originY	409.78
ppmm	11.469
[notes]
