[descriptive data]
title	JP 1999-030743 Example 4
[constants]
[variable distances]
Focal Length	24.6
Angle of View	82.7
F-Number	1.45
Image Height	43.28
Magnification	0
d0	Infinity
Bf(p)	36.467
Bf	37.41
[lens data]
1	62.294	2.800	1.596797	53.16	55.53
2	32.119	4.613		45.34	
3	50.784	2.300	1.772499	45.34	49.60
4	30.323	7.400		40.24	
5	211.219	4.302	1.772499	39.46	49.60
6	-114.597	3.641		39.46	
7	88.582	2.824	1.846658	32.18	23.89
8	1832.457	1.500	1.496999	32.18	81.61
9	22.895	7.340		24.88	
10	FS	4.803		23.03
11	31.005	7.479	1.804000	27.72	46.58
12	-56.304	0.150		27.72	
13	-347.203	1.500	1.717362	26.36	29.51
14	39.976	5.059		24.06	
15	AS	8.298		22.860
16	-16.188	1.500	1.805177	22.78	25.43
17	-2595.763	3.365	1.834807	27.86	42.72
18	-33.892	0.150		27.86	
19	-208.282	7.091	1.618000	28.76	63.39
20	-23.437	0.150		30.04	
21	-73.732	5.048	1.772499	32.52	49.60
22	-29.597	Bf		35.76	
[aspherical data]
18	-33.892	0	2.08495E-05	2.80866E-08	-4.32870E-11	-4.63595E-14
[figure]
source	Data/JP1999-030743_Figure05.png
originX	100.07
originY	410.46
ppmm	11.692
[notes]
