[descriptive data]
title	JP 1999-030743 Example 2
[constants]
[variable distances]
Focal Length	24.6
Angle of View	82.7
F-Number	1.45
Image Height	43.28
Magnification	0
d0	Infinity
Bf(p)	36.467
Bf	38.41
[lens data]
1	73.506	2.400	1.638539	53.28	55.38
2	23.015	9.919		40.06
3	82.427	4.378	1.487490	40.14	70.21
4	-431.600	3.863		40.14	
5	84.769	3.589	1.864666	32.76	23.89
6	-536.175	1.500	1.496999	32.76	81.61
7	23.378	6.700		25.38	
8	FS	4.284		23.54
9	30.980	7.161	1.804000	28.40	46.58
10	-50.840	0.120		28.40	
11	-121.061	1.500	1.717362	27.00	29.51
12	46.492	5.452		25.08	
13	AS	8.121		23.668
14	-16.078	1.209	1.805177	23.58	25.43
15	5451.301	3.611	1.834807	28.74	42.78
16	-36.006	0.150		28.74	
17	-195.704	6.533	1.618000	30.77	63.39
18	-23.772	0.150		30.77
19	-85.271	5.597	1.772499	33.20	49.60
20	-28.753	Bf		36.08	
[aspherical data]
1	73.506	0	1.77583E-06	1.24857E-09	-4.35384E-12	6.29572E-15	-3.32202E-18
16	-36.006	0	2.09593E-05	2.59446E-08	-5.38498E-11	-1.95820E-14	
[figure]
source	Data/JP1999-030743_Figure03.png
originX	132.69
originY	416.60
ppmm	11.707
[notes]
