[descriptive data]
title	US 2025/0251576 Example 2
[constants]
[variable distances]
Focal Length	48.50	undefined
Angle of View	48.08	undefined
F-Number	1.46	undefined
Image Height	43.28	43.28
Total Length	118.50	118.51
Magnification	0	-0.15335
d0	Infinity	281.64
d10	3.84	1.49
d12	3.38	5.73
d15	11.92	7.15
d22	2.30	7.08
Bf	13.26	13.26
[lens data]
1	61.356	4.23	2.00069	48.88	25.5
2	155.534	4.23		47.90	
3	836.451	0.14	1.53352	43.20	52.8
4	9065.248	1.30	1.72047	43.20	34.7
5	37.963	9.31		37.20	
6	-41.519	1.30	1.77047	37.20	29.7
7	40.508	10.06	1.77250	39.50	49.6
8	-55.412	0.15		39.50	
9	56.306	6.62	1.95375	41.78	32.3
10	-136.914	d10		41.78	
11	43.381	2.94	1.91082	35.66	35.2
12	66.751	d12		34.80	
13	730.270	1.23	1.73037	32.40	32.2
14	38.613	4.26		30.86	
15	AS	d15		27.428
16	-23.950	3.09	1.59522	26.72	67.7
17	-18.367	1.10	1.77047	27.58	29.7
18	-89.141	0.15		27.58	
19	61.370	9.03	1.49700	32.06	81.5
20	-32.482	0.69		33.48	
21	123.050	6.50	1.80400	37.00	46.5
22	-55.009	d22		37.00	
23	397.215	4.95	2.00100	37.76	29.1
24	-55.804	1.30	1.58144	37.76	40.8
25	42.967	9.38		35.97
26	-32.640	1.82	1.62004	35.97	36.3
27	-48.951	Bf		37.76	
[aspherical data]
3	836.451	0	-4.27090E-07	-1.54574E-09	3.73197E-12	-1.06510E-14	8.55869E-18
21	123.050	0	-3.25844E-06	1.10049E-08	-3.65477E-11	1.02156E-13	-9.95585E-17
22	-55.009	0	5.69279E-06	6.86476E-09	-1.01569E-11	5.22676E-14	-5.29539E-17
[group data]
1	1	55.54
2	11	128.35
3	13	-55.86
4	16	39.26
5	23	-105.72
[figure]	
source	Data/US20250251576_Figure03.png
originX	88.55
originY	359.85
ppmm	10.258
[notes]
Bill: Measured d0 and Magnification.
