[descriptive data]
title	US 2025/0251576 Example 4
[constants]
[variable distances]
Focal Length	48.50	undefined
Angle of View	48.08	undefined
F-Number	1.46	undefined
Image Height	43.28	43.28
Total Length	117.40	121.02
Magnification	0	-0.17826
d0	Infinity	263.08
d12	1.47	5.08
d15	7.97	4.85
d22	3.56	6.69
Bf	13.03	13.03
[lens data]
1	53.816	5.80	1.96300	49.80	24.1
2	206.917	1.91	 	48.86	
3	103.952	0.15	1.53352	43.74	52.8
4	127.076	1.35	1.61340	43.74	44.3
5	25.575	10.79	 	35.00	
6	-42.093	1.35	1.78880	35.00	28.4
7	42.093	7.97	1.76385	36.32	48.5
8	-65.152	0.15	 	36.32	
9	69.917	5.89	1.88300	38.38	40.8
10	-101.196	1.45		38.38	
11	51.742	3.85	1.81600	35.98	46.6
12	246.678	d12		35.98	
13	239.114	1.20	1.61340	33.36	44.3
14	28.689	8.48		31.40	
15	AS	d15		27.416
16	-59.348	5.85	1.49700	28.70	81.5
17	-20.840	1.31	1.73037	28.70	32.2
18	324.994	1.68		28.70	
19	103.121	7.44	1.61800	32.20	63.3
20	-32.793	0.15	 	33.40	
21	152.195	5.53	1.80400	36.90	46.5
22	-87.314	d22		36.90	
23	9313.997	5.43	2.00100	38.52	29.1
24	-46.460	3.01	1.54072	38.52	47.2
25	46.460	9.63		36.33
26	-31.065	1.00	1.53172	36.33	48.8
27	-44.083	Bf		38.52	
[aspherical data]
3	103.952	0	-1.99729E-06	-5.01657E-10	1.00336E-12	1.92177E-15	-4.72109E-18
21	152.195	0	-1.96390E-06	-8.86488E-09	3.81302E-11	-1.09819E-13	8.62521E-17
22	-87.314	0	2.83578E-06	-1.38704E-08	5.99084E-11	-1.43518E-13	1.10064E-16
[group data]
1	1	37.97
2	13	-53.26
3	16	44.53
4	23	-159.39
[figure]	
source	Data/US20250251576_Figure07.png
originX	79.88
originY	353.86
ppmm	10.196
[notes]
Bill: Measured d0 and Magnification.
