[descriptive data]
title	US 2025/0251576 Example 3
[constants]
[variable distances]
Focal Length	48.50	undefined
Angle of View	48.08	undefined
F-Number	1.46	undefined
Image Height	43.28	43.28
Total Length	116.95	116.95
Magnification	0	-0.15276
d0	Infinity	283.25
d10	3.13	5.35
d12	3.53	1.31
d15	12.14	6.60
d22	2.81	8.35
Bf	12.35	12.35
[lens data]
1	73.465	4.72	1.96300	49.54	24.1
2	422.069	5.34		48.36	
3	-247.661	0.36	1.53352	42.54	52.8
4	-121.885	1.30	1.73037	42.54	32.2
5	40.970	7.70	 	36.68	
6	-54.419	1.30	1.73037	36.68	32.2
7	42.011	9.81	1.81600	38.78	46.6
8	-52.701	0.15	 	38.78	
9	46.818	6.53	1.91082	39.40	35.2
10	-182.855	d10		39.40	
11	130.723	1.00	1.73037	34.50	32.2
12	34.408	d12		32.50	
13	34.823	2.61	1.65160	31.26	58.5
14	42.973	3.97		30.48	
15	AS	d15		27.427
16	-25.856	5.09	1.67790	25.66	55.3
17	-16.086	1.12	1.77047	28.08	29.7
18	-97.823	0.52		28.08	
19	-252.862	3.88	1.59522	31.02	67.7
20	-46.425	0.61	 	31.02	
21	118.091	8.68	1.80400	36.16	46.5
22	-36.782	d22		37.02	
23	3113.777	6.13	2.00100	37.90	29.1
24	-48.745	1.70	1.59551	37.90	39.2
25	56.334	9.36		36.92	
26	-31.432	1.10	1.63980	36.92	34.5
27	-44.734	Bf		38.66	
[aspherical data]
3	-247.661	0	-3.62263E-06	-1.08195E-09	7.95075E-12	-1.65697E-14	1.36913E-17
21	118.091	0	-3.04370E-06	7.00824E-09	-1.23743E-11	1.20496E-14	3.82758E-17
22	-36.782	0	4.39376E-06	-7.07780E-10	2.06014E-11	-7.70118E-14	1.37782E-16
[group data]
1	1	42.31
2	11	-64.22
3	13	250.12
4	16	43.54
5	23	-129.66
[figure]	
source	Data/US20250251576_Figure05.png
originX	51.57
originY	366.86
ppmm	10.646
[notes]
Bill: Measured d0 and Magnification.
