[descriptive data]
title	US 2025/0334778 Example 2
[constants]
[variable distances]
Focal Length	34.60	34.14
Angle of View	63.74	63.79
F-Number	1.24	1.24
Image Height	43.26	43.26
Total Length	128.74	128.74
Magnification	0	-0.025
S	Infinity	1477
d0	Infinity	1348.73
d2	7.5696	7.0438
d6	3.5035	4.0289
d20	6.9518	6.3311
d24	2.2921	2.9132
Bf	17.4972	17.4972
[lens data]
1	82.3764	3.9192	1.80809	58.96	22.76
2	130.8893	d2		53.50	
3	114.6913	0.9000	1.54072	44.76	47.20
4	25.5542	6.8043		35.74	
5	56.8249	5.0982	1.80610	36.70	40.73
6	-211.8812	d6		36.70	
7	-148.2676	1.1795	1.48749	30.42	70.44
8	30.6500	7.5007		29.20	
9	-36.5540	1.7147	1.69895	29.88	30.05
10	90.4412	4.6177	1.94594	35.48	17.98
11	-125.9694	0.8682		36.70	
12	AS	2.1148		35.995
13	90.0023	9.1378	1.77377	42.98	47.17
14	-48.2139	0.2057		42.98	
15	-138.5636	1.0225	1.78880	42.02	28.43
16	38.9207	6.5952	1.75500	42.02	52.32
17	240.3404	0.6848		42.02	
18	52.3045	1.0136	1.85451	42.82	25.15
19	27.2000	12.8779	1.59282	39.64	68.62
20	-90.7789	d20		41.60	
21	-848.1912	0.9000	1.69895	38.92	30.05
22	138.1440	0.1500		38.92	
23	46.2651	7.6904	1.76450	38.58	49.09
24	-76.0969	d24		38.58	
25	296.4918	3.4967	1.75500	36.84	52.32
26	-104.4793	0.1532		36.84	
27	820.4806	4.6992	1.98612	35.86	16.48
28	-45.0663	1.0168	1.78880	35.36	28.43
29	31.6000	5.3461		29.42	
30	-169.2643	1.2141	1.85135	30.08	40.10
31	1000.0000	Bf		32.54	
[aspherical data]
5	56.8249	0	-1.99816E-06	-1.32897E-09	-2.08157E-11	3.95950E-15	
6	-211.8812	0	-4.72277E-07	-3.38850E-10	-2.11984E-11	2.31760E-14	
13	90.0023	0	-1.03559E-06	-1.87709E-09	-7.13483E-12	1.19593E-14	
14	-48.2139	0	7.71680E-07	-1.40925E-09	-8.22545E-12	9.14549E-15	
23	46.2651	0	-1.71933E-06	7.19596E-10	-1.65373E-11	1.66871E-14	
24	-76.0969	0	3.82753E-06	-5.16977E-09	-8.71093E-12	1.35974E-14	
30	-169.2643	0	2.91423E-05	-2.82416E-07	6.89447E-10	-5.19770E-13	
31	1000.0000	0	4.31949E-05	-2.72422E-07	7.46965E-10	-4.31810E-13	-6.05302E-16
[group data]
G1	1	2	265.45
G2	3	6	280.37
G3	7	20	84.37
G4	21	24	49.37
G5	25	31	-68.06
G3a	7	12	-35.31
G3b	13	20	39.46
[figure]
caption	Sigma 35mm F1.2 DG II A 
source	Data/US20250334778_Figure06P.png
originX	84.52
originY	277.51
ppmm	8.816
[figure]
source	Data/US20250334778_Figure06.png
originX	59.45
originY	488.00
ppmm	10.090
[notes]			
