[descriptive data]
title	JP 2008-145584 Example 1 (Canon EF200mm f2L IS USM)
[constants]
[variable distances]
Focal Length	194.99
Angle of View	12.66
F-Number	2.05
Image Height	43.2
Magnification	0
d0	Infinity
Bf	60.36
[lens data]
1	469.673	6.23	1.48749	109.62	70.2	FSL5
2	-105940.000	0.52		109.62	
3	91.926	18.49	1.43387	102.96	95.1	NICF-A
4	-15019.281	1.94		102.96	
5	82.868	17.12	1.49700	89.30	81.5	S-FPL51
6	-583.653	0.10		85.62	
7	-545.880	4.40	1.65412	85.62	39.7	S-NBH5
8	159.373	1.49		73.30	
9	92.975	5.00	1.69680	71.96	55.5	S-LAL14
10	37.360	14.85	1.49700	59.62	81.5	S-FPL51
11	135.809	14.87		71.62	
12	-1035.916	3.97	1.84666	49.96	23.8	S-TIH53
13	-101.579	3.00	1.77250	49.96	49.6	S-LAH66
14	63.713	26.48		49.96	
15	AS	4.44		40.765
16	124.242	2.10	1.65412	41.96	39.7	S-NBH5
17	41.666	9.38	1.77250	41.96	49.6	S-LAH66
18	-320.108	2.75		41.96	
19	-392.917	1.90	1.69680	38.30	55.5	S-LAL14
20	63.948	3.93		38.30	
21	-114.597	4.01	1.84666	35.30	23.8	S-TIH53
22	-40.943	1.90	1.54072	35.30	47.2	S-TIL2
23	81.990	3.03		35.30	
24	104.809	8.01	1.72916	40.30	54.7	S-LAL18
25	-41.124	2.00	1.80518	40.30	25.4	S-TIH6
26	-347.988	0.20		40.30	
27	72.365	3.73	1.80400	42.30	46.6	S-LAH65
28	518.348	3.27		42.30	
29	Infinity	2.00	1.51633	41.62	64.1	S-BSL7
30	Infinity	Bf		41.62	
[group data]
L1	1	11	134.153
L2	12	14	-81.701
L3	16	28	108.804
L31	16	18	96.325
L32	19	23	-51.087
L33	24	28	60.057
[figure]
source	Data/JP2008-145584_Figure01.png
originX	37.08
originY	268.78
ppmm	3.693
[figure]
source	Data/JP2008-145584_Figure01P.png
originX	47.57
originY	117.54
ppmm	1.622
[notes]
