[descriptive data]
title	JP 2026-098935 Example 2
[constants]
[variable distances]
Focal Length	28.84	undefined
Angle of View	74.04	undefined
F-Number	2.06	undefined
Total Length	71.19	undefined
Image Height	43.26	43.26
Magnification	0	-0.06857
d0	Infinity	428.00
d11	3.83	3.36
Bf	18.21	20.28
[lens data]
1	120.686	1.20	1.51680	23.10	64.20	BSC7
2	18.667	5.17		19.58	
3	-26.163	3.10	1.85150	19.02	40.78	S-LAH89
4	-17.394	1.00	1.78880	19.02	28.43	S-NBH58
5	-45.310	0.30		19.02	
6	35.585	3.33	2.00100	19.02	29.13	TAFD55
7	-500.000	0.31		19.02	
8	51.264	3.86	1.90043	18.62	37.37	TAFD37
9	-51.262	1.00	1.85451	18.62	25.15	NBFD25
10	98.206	3.84		18.62	
11	AS	d11		16.112
12	-19.549	1.00	1.72047	15.94	34.71	S-NBH8
13	17.500	5.84	1.62846	17.74	59.17	J-PSKH8
14	-34.531	0.30		17.74	
15	36.135	4.92	1.90525	20.70	35.04	S-LAH93
16	-36.135	0.15		20.70	
17	580.403	5.45	1.55032	21.18	75.50	FCD705
18	-19.000	1.00	1.72047	21.18	34.71	S-NBH8
19	161.504	5.64		21.18	
20	-116.659	2.10	1.80610	22.22	40.73	NBFD13
21	1000.000	Bf		24.14	
[aspherical data]
1	120.686	0	1.5630E-05	-2.0081E-07	1.7924E-09	-8.9064E-12	1.8450E-14
2	18.667	1.111	-2.4287E-06	-3.6870E-07	2.3518E-09	-1.5366E-11	
20	-116.659	52.843	-3.2860E-05				
21	1000.000	0	4.4019E-06	4.5548E-08	-6.0419E-11	1.0810E-12	-4.5187E-15
[group data]
G1	1	10	58.33
G2	12	21	53.75
G1a-G1b	1	5	-29.83
L13f	12	13	-12.67
L13	12	14	-47.89
L14	15	16	20.63
[figure]
source	Data/JP2026-098935_Figure03.png
originX	90.59
originY	411.40
ppmm	18.363
[notes]
Bill: Magnification measured.
