[descriptive data]
title	JP 1993-034592 Example 1
[constants]
[variable distances]
Focal Length	14.3
Angle of View	113.0
F-Number	2.8
Image Height	43.2
Magnification	0
d0	Infinity
Bf(p)	undefined
Bf	39.43
[lens data]
1	43.611	3.10	1.69680	66.66	55.5
2	26.108	11.30		50.62	
3	58.696	5.83	1.60311	47.44	60.7
4	52.318	0.15		41.76	
5	36.653	1.70	1.69680	39.56	55.5
6	17.777	6.39		31.26	
7	48.633	1.30	1.77250	30.28	49.6
8	20.569	8.24		26.68	
9	260.012	1.50	1.69680	23.28	55.5
10	15.580	10.11	1.59551	20.88	39.2
11	-50.458	3.24		23.18	
12	54.936	8.21	1.56732	14.06	42.8
13	-10.586	1.50	1.77250	14.06	49.6
14	-14.355	0.82		14.06	
15	-14.991	0.90	1.77250	13.98	49.6
16	-42.782	0.50		13.98	
17	AS	1.40		13.309
18	84.663	8.63	1.60311	17.44	60.7
19	-69.334	4.00	1.74320	17.44	49.3
20	78.755	0.67		15.40	
21	-180.599	0.80	1.92286	20.92	21.3
22	32.151	5.88	1.48749	18.40	70.2
23	-18.364	0.15		20.86	
24	352.989	3.30	1.80400	25.18	46.6
25	-38.634	Bf		25.18	
[aspherical data]
3	58.696	-1	9.53227E-06	2.86527E-09	-1.05830E-11	2.10187E-14
[group data]
I	1	-24.3
II	12	30.0
[figure]
source	Data/JP1993-034592_Figure01.png
originX	30.16
originY	478.77
ppmm	10.404
[notes]
