[descriptive data]
title	JP 1993-034592 Example 2 (Canon EF14mm f2.8L USM)
[constants]
[variable distances]
Focal Length	14.2
Angle of View	113.4
F-Number	2.8
Image Height	43.2
Magnification	0
d0	Infinity
Bf(p)	undefined
Bf	38.72
[lens data]
1	44.219	3.10	1.69680	68.52	55.5
2	25.992	11.30		49.46
3	58.892	5.83	1.60311	48.95	60.7
4	52.468	0.15		44.94
5	36.687	1.70	1.69680	40.71	55.5
6	17.786	6.43		29.72
7	48.285	1.30	1.77250	33.08	49.6
8	20.678	8.28		24.75
9	205.374	1.50	1.69680	24.44	55.5
10	15.668	10.13	1.59551	20.99	39.2
11	-47.650	3.25		16.70
12	57.504	8.21	1.56732	14.76	42.8
13	-10.599	1.50	1.77250	14.76	49.6
14	-14.346	0.83		14.76
15	-14.990	0.90	1.77250	13.68	49.6
16	-42.795	0.50		14.76
17	AS	1.40		13.120
18	86.920	8.53	1.60311	14.64	60.7
19	-69.093	4.00	1.74320	19.68	49.3
20	77.455	0.69		15.44	
21	-172.305	0.80	1.92286	19.68	21.3
22	32.045	5.85	1.48749	18.32	70.2
23	-18.398	0.15		19.27
24	333.594	3.30	1.80400	23.45	46.6
25	-37.974	Bf		23.45
[aspherical data]
3	58.892	-1	9.62849E-06	2.04161E-09	-8.99200E-12	1.96290E-14
[group data]
I	1	-26
II	12	30.16499
[figure]
source	Data/JP1993-034592_Figure04.png
originX	23.45
originY	491.24
ppmm	10.467
[figure]
source	Data/JP1993-034592_Figure04P.png
originX	34.50
originY	103.51
ppmm	1.633
[notes]
