[descriptive data]
title	JP 1994-051202 Example 1 (Sigma APO Zoom 70-210mm F2.8)
[constants]
[variable distances]
Focal Length	72.56	202.91
Angle of View	33.2	12.16
F-Number	2.93	2.93
Image Height	43.2	43.2
Magnification	0	0
Bf	59.85	59.84
d4	15.62	15.62
d6	3.0	43.2427
d14	28.93	2.5186
d19	17.52	3.6893
[lens data]
1	106.07	2.5	1.80518	72.92	25.47	FD6
2	75.2	0.1		71.72		
3	75.2	12.46	1.497	71.72	81.61	FCD1
4	-737.38	d4		71.72		
5	99.41	6.81	1.497	66.96	81.61	FCD1
6	689.18	d6		66.96		
7	-176.83	5.12	1.62588	38.62	35.74	E-F1
8	-43.08	1.4	1.58913	38.62	61.25	BACD5
9	50.79	5.56		34.18		
10	-150.66	1.4	1.51009	34.36	63.44	BSC1
11	42.5	3.73	1.80518	34.36	25.47	FD6
12	127.94	2.8		32.76		
13	-77.72	1.4	1.713	32.76	53.94	LAC8
14	239.25	d14		34.36		
15	-197.11	2.25	1.51742	38.44	52.15	CF6
16	-82.22	0.15		38.44		
17	160.87	6.59	1.5697	38.54	49.44	BAF2
18	-42.71	1.5	1.76182	38.54	26.55	FD14
19	-107.88	d19		38.54		
20	57.39	3.99	1.497	39.92	81.61	FCD1
21	331.18	0.2		39.92		
22	36.56	4.89	1.497	38.38	81.61	FCD1
23	88.73	3.5		36.84		
24	AS	11.37		33.537		
25	110.59	2.44	1.68893	30.18	31.16	FD8
26	28.52	10.93		26.26		
27	65.94	4.42	1.54072	29.0	47.2	FEL2
28	-65.24	7.08		29.0		
29	-37.65	1.77	1.7725	28.14	49.62	TAF1
30	218.0	0.61		34.36		
31	96.27	4.8	1.7433	34.36	49.22	NBF1
32	-64.55	Bf		34.36		
[aspherical data]
[notes]
Generated by Beam42
[patent info]
[report data]
lens name	Sigma APO Zoom 70-210mm F2.8
scenarios	0	1
names	70mm f2.8	210mm f2.8
