[descriptive data]
title	US 2025/0271647 Example 2
[constants]
[variable distances]
Focal Length	35.0
Angle of View	63.3
F-Number	1.24
Image Height	43.2
Magnification	0
Bf	0.85
[lens data]
1	-81.01492339969609	1.75	1.60342	34.36	38.03	S-TIM5
2	24.30161032333682	7.35	2.001	30.26	29.14	S-LAH99
3	-1577.1874696410719	0.35		30.26		
4	41.125	7.0	1.7432	28.18	49.34	S-LAM60
5	-45.769738400769384	1.4	1.7552	26.96	27.51	S-TIH4
6	24.409168348702423	4.9		24.34		
7	AS	1.75		24.472		
8	0.0	5.6	1.883	25.54	40.77	S-LAH58
9	-25.704681350347578	1.4	1.738	25.54	32.26	S-NBH53
10	20.987378802679352	8.4	1.7432	25.54	49.34	S-LAM60
11	-72.53165038439921	0.35		25.54		
12	27.616744156576953	7.0	1.95375	24.14	32.32	S-LAH98
13	-34.45299726543552	1.4	1.64769	23.36	33.79	S-TIM22
14	22.346724095869824	4.55		23.02		
15	-84.20288047344117	2.1	1.92286	23.02	18.9	S-NPH2
16	-92.67506224163286	13.98		23.54		
17	0.0	0.75	1.51633	51.34	64.14	S-BSL7
18	0.0	0.85		51.34		
[aspherical data]
4	41.125	0.0	-1.0604741571932629E-5	-1.8674751225807893E-8	-1.9538797515293358E-12	0.0	
11	-72.53165038439921	0.0	-3.741716989440411E-6	-1.3303678404164756E-8	2.0100178947051555E-11	0.0	
16	-92.67506224163286	0.0	2.4454557089143025E-5	-1.6263019355769125E-8	1.062943976087706E-9	-5.7368666898071825E-12	1.5948908761604E-14	
[notes]
Generated by Beam42
[patent info]
[report data]
