[descriptive data]
[constants]
[variable distances]
Focal Length	58.0
Angle of View	40.9
F-Number	1.2
Image Height	43.28
Magnification	0
Bf	37.78
[lens data]
1	82.02049439630181	6.885	1.795	50.4875	45.31	J-LASF017
2	0.0	0.1		50.4875
3	34.48689433977534	9.75	1.8485	44.832	43.79	J-LASFH22
4	76.29174433707873	1.56		44.832
5	138.7740949607374	2.87	1.74	42.169	28.3	S-TIH3
6	22.843104683571728	8.44		32.12841
7	AS	7.95		31.227
8	-22.750556888095886	1.64	1.74077	31.445	27.79	S-TIH13
9	305.9195711925611	8.196	1.788	40.2	47.49	TAF4
10	-35.12425857302133	0.15		40.2
11	-390.7213132906103	6.147	1.7725	39.5	49.62	J-LASF016
12	-56.30503149966711	0.0		39.5
13	225.36169993668858	4.016	1.795	38.275	45.31	J-LASF017
14	-97.90727063633547	37.78		38.275
[aspherical data]
1	82.02049439630181	0.7292152467564155	-2.489084275746426E-7	-3.436839903148345E-11	6.260073736345668E-13	-7.234021013979926E-16
[notes]
angle of view = 40.921436883058604