[descriptive data]
title	JP 2026-105585 Example 3
[constants]
[variable distances]
Focal Length	50.87	undefined
Angle of View	45.70	undefined
F-Number	1.46	undefined
Total Length	109.15	109.15
Image Height	43.26	43.26
Magnification	0	-0.13617
d0	Infinity	394.90
d10	7.80	0.70
Bf	18.70	25.79
[lens data]
1	-72.552	2.00	1.72047	46.24	34.71	S-NBH8
2	56.361	4.23		44.86	
3	119.618	4.57	1.80809	45.66	22.76	S-NPH1
4	-429.215	0.71		45.66	
5	68.437	6.93	1.76802	45.48	49.24	M-TAF101
6	-325.392	0.10		45.48	
7	378.119	4.71	1.59282	43.66	68.62	FCD505
8	-121.192	0.25		43.66	
9	160.482	2.00	1.55298	41.14	55.07	J-KZFH4
10	64.554	d10		39.90	
11	34.682	5.41	1.85135	38.00	40.10	M-TAFD305
12	110.392	0.10		36.96	
13	48.703	5.65	1.49700	35.60	81.61	FCD1
14	-403.920	1.30	1.78880	35.60	28.43	S-NBH58
15	25.318	8.86		29.98	
16	AS	2.11		29.359
17	-1000.000	1.30	1.78880	29.68	28.43	S-NBH58
18	20.204	9.34	1.74950	29.68	35.25	J-LAF7
19	-210.533	0.30		29.68	
20	50.822	5.95	2.00100	29.54	29.13	TAFD55
21	-60.901	0.86		29.54	
22	-213.330	6.54	2.00100	25.68	29.13	TAFD55
23	-23.322	1.35	1.85451	25.68	20.15	NBFD25
24	43.411	6.51		22.90	
25	-92.164	1.57	1.80835	23.94	40.55	L-LAH84
26	-2000.000	Bf		26.10	
[aspherical data]
5	68.437	0	1.3834E-07	-1.5119E-10	4.4574E-14				
6	-325.392	0	-2.7529E-07	4.8710E-12	-1.5089E-13				
11	34.682	0	-2.2632E-06	-2.5121E-09	-9.5442E-13	-6.0288E-15	-9.3978E-19	-3.5703E-21	
25	-92.164	0	-9.7517E-05	3.6404E-07	-2.5345E-09	1.4067E-11	-3.7422E-14	3.3045E-17	-1.0381E-21
26	-2000.000	0	-8.1275E-05	4.1598E-07	-2.7984E-09	1.7298E-11	-5.7871E-14	7.8749E-17	
[group data]
G1	1	10	237.23
G2	11	26	70.30
G21	11	15	884.94
G22	17	26	61.02
G221	17	24	45.86
G222	25	26	-119.57
[figure]
source	Data/JP2026-105585_Figure05.png
originX	61.59
originY	345.60
ppmm	8.491
[notes]
Bill: Magnification measured.
