[descriptive data]
title	JP 2026-105585 Example 2[NG]
[constants]
NG	Focal length G1
[variable distances]
Focal Length	50.82	undefined
Angle of View	45.84	undefined
F-Number	1.44	undefined
Total Length	109.15	109.15
Image Height	43.26	43.26
Magnification	0	-0.14274
d0	Infinity	394.90
d12	7.81	0.70
Bf	18.70	25.81
[lens data]
1	-62.279	2.00	1.72047	46.92	34.71
2	59.914	4.33		46.92	
3	152.994	4.96	1.80809	47.10	22.76
4	-203.246	0.10		47.10	
5	67.945	6.34	1.76385	47.32	48.49
6	-906.658	0.11		47.32	
7	241.453	3.99	1.59282	46.12	68.62
8	-231.525	0.22		46.12	
9	1336.475	4.30	1.59282	44.18	68.62
10	-99.935	0.10		44.18	
11	620.159	2.00	1.55298	41.78	55.07
12	52.424	d12		39.70	
13	34.885	5.21	1.85135	38.06	40.10
14	101.615	0.10		36.60	
15	52.518	5.95	1.49700	35.90	81.61
16	-168.850	1.30	1.78880	35.90	28.43
17	31.134	6.03		31.08	
18	AS	2.23		42.06	
19	-500.000	1.30	1.78880	30.66	28.43
20	19.431	10.27	1.72342	30.66	38.03
21	-136.219	0.30		30.66	
22	46.550	6.19	2.00100	30.10	29.13
23	-61.681	0.90		30.10	
24	-129.968	5.37	1.90366	25.62	31.31
20	-21.658	1.00	1.78880	25.62	28.43
26	38.386	6.54		22.82	
27	-90.172	1.50	1.80835	24.22	40.55
28	-2000.000	Bf		26.04	
[aspherical data]
13	34.885	0	-1.8012E-06	-3.6672E-09	2.3873E-12	-1.2138E-14	-5.5443E-18	-5.0875E-23	-5.0717E-24
27	-90.172	0	-1.1269E-04	4.0195E-07	-2.0754E-09	1.3748E-11	-3.8142E-14	4.2071E-17	-1.5720E-20
28	-2000.000	0	-9.5308E-05	4.6762E-07	-2.9124E-09	1.7056E-11	-5.5337E-14	7.3213E-17	
[group data]
G1	1	12	260.78
G2	13	28	69.62
G21	13	17	293.05
G22	19	28	73.46
G221	19	26	51.26
G222	27	28	-116.86
[figure]
source	Data/JP2026-105585_Figure03.png
originX	111.12
originY	352.49
ppmm	8.504
[notes]
Bill: Magnification measured.
