[descriptive data]
title	JP 2026-93473 Example 1
[constants]
[variable distances]
Focal Length	82.45
Angle of View	29.68
F-Number	1.45
Image Height	43.26
Magnification	0
Bf	18.09
[lens data]
1	90.782	4.42	1.5186	57.4	69.89	J-PKH1	Hikari
2	182.228	0.3		57.4		
3	87.959	5.71	1.55032	55.98	75.5	FCD705	Hoya
4	416.78	5.46		55.98		
5	-148.441	2.4	1.72047	54.96	34.71	S-NBH8	Ohara
6	88.576	0.4		54.96		
7	47.692	12.89	1.59282	54.76	68.62	FCD515	Hoya
8	-240.587	0.3		54.76		
9	70.945	5.77	1.7645	51.38	49.1	L-LAH91	Ohara
10	437.707	1.0		51.38		
11	75.094	5.62	1.80809	44.54	22.76	S-NPH1	Ohara
12	906.18	1.9	1.6134	44.54	44.27	S-NBM51	Ohara
13	26.946	7.98		34.79		
14	-1236.778	1.6	1.55298	33.94	55.07	J-KZFH4	Hikari
15	53.28	4.83		33.94		
16	AS	7.22		31.946		
17	79.0	9.16	1.76385	30.4	48.49	S-LAH96	Ohara
18	-24.936	1.4	1.85883	30.4	30.0	NBFD30	Hoya
19	-246.375	2.67		30.4		
20	2587.307	1.4	1.738	28.08	32.33	S-NBH53V	Ohara
21	33.836	8.33	1.76385	28.08	48.49	S-LAH96	Ohara
22	-59.261	1.5		28.08		
23	-211.045	4.81	2.001	29.48	29.13	TAFD55	Hoya
24	-34.117	1.4	1.6134	29.48	44.27	S-NBM51	Ohara
25	133.785	6.04		29.48		
26	-33.411	1.4	1.55298	29.86	55.07	J-KZFH4	Hikari
27	-124.57	18.09		31.8		
[aspherical data]
9	70.945	-0.030969	-2.47019E-6	-6.05731E-11	-2.05766E-12	2.81337E-15	
10	437.707	0.0	-7.56527E-7	7.31747E-10	-1.60283E-12	2.74862E-15	
[notes]
Generated by Beam42
[patent info]
[report data]
