[descriptive data]
title	US 2025/0271647 Example 2
[constants]
[variable distances]
Focal Length	35.0
Angle of View	63.3
F-Number	1.24
Image Height	43.2
Magnification	0
Bf	0.85
[lens data]
1	-80.26308131628097	1.75	1.60342	34.36	38.03	S-TIM5
2	24.474125956052408	7.35	2.001	30.26	29.14	S-LAH99
3	-1577.3879436306047	0.35		30.26		
4	41.125	7.0	1.7432	28.18	49.34	S-LAM60
5	-47.11742965014956	1.4	1.7552	26.96	27.51	S-TIH4
6	24.569097134887972	4.9		24.34		
7	AS	1.75		24.472		
8	0.0	5.6	1.883	25.54	40.77	S-LAH58
9	-23.46779830712738	1.4	1.738	25.54	32.26	S-NBH53
10	23.154435930764127	8.4	1.7432	25.54	49.34	S-LAM60
11	-72.28422548299197	0.35		25.54		
12	27.529677184223385	7.0	1.95375	24.14	32.32	S-LAH98
13	-34.73001591629172	1.4	1.64769	23.36	33.79	S-TIM22
14	21.78368211962422	4.55		23.02		
15	-80.7679391637423	2.1	1.92119	23.02	23.96	FDS24
16	-93.03643432683424	13.98		23.54		
17	0.0	0.75	1.51633	51.34	64.14	S-BSL7
18	0.0	0.85		51.34		
[aspherical data]
4	41.125	0.0	-1.0925652481383523E-5	-1.8374237412229967E-8	-1.5795584935116463E-12	0.0	
11	-72.28422548299197	0.0	-3.6809173000093985E-6	-1.3556194607345106E-8	2.119009067236045E-11	0.0	
16	-93.03643432683424	0.0	2.414047316795897E-5	-2.0724973397557147E-8	1.0869721661783472E-9	-5.736652276215599E-12	1.595009606707349E-14	
[notes]
Generated by Beam42
[patent info]
[report data]
