[descriptive data]
title	DE 2359156 Example 12 (Zeiss Distagon T f2 28mm Contax)
[constants]
Scaled	28	1
[variable distances]
Focal Length	28
Angle of View	74.5
F-Number	2.1
Image Height	43.2
Magnification	0
d0	Infinity
Bf	35.5236
[lens data]
1	74.49568	1.545796	1.63854	38.86	55.38
2	20.99552	10.742788		31.96	
3	-63.13272	11.540004	1.66446	31.70	55.04
4	-44.69500	0.048608		31.70	
5	29.44508	2.236052	1.74400	24.62	44.77
6	20.39968	6.912332		21.64	
7	30.96548	8.749776	1.74400	22.80	44.77
8	-21.14728	0.000000		22.80	
9	-21.14728	6.669292	1.60562	22.80	43.92
10	158.58500	4.860996		20.65	
10AS	AS	0.000000		19.49	
11	131.52888	5.804036	1.72000	19.68	50.42
12	-40.99760	1.711080		19.68	
13	-25.13336	7.553980	1.80518	19.68	25.43
14	47.00388	2.002728		19.68	
15	-122.39024	2.799440	1.71300	21.08	53.85
16	-30.30440	0.097216		21.08	
17	-708.36360	2.945768	1.78831	23.70	47.37
18	-35.24808	Bf		23.70	
[figure]
source	Data/DE02359156_Figure07.png
originX	89.45
originY	366.91
ppmm	13.274
[figure]
source	Data/DE02359156_Figure07P.png
originX	49.62
originY	324.50
ppmm	13.963
[notes]
