[descriptive data]
title	JP 1982-064716 Example 1 (Canon New FD14mm f2.8L)
[constants]
Scaled	14	1
[variable distances]
Focal Length	14.00
Angle of View	114
F-Number	2.8
Image Height	43.2
Total Length	269.682
Magnification	0
d0	Infinity
Bf(p)	undefined
Bf	36.97
[lens data]
1	41.986	3.038	1.69680	64.26	55.5
2	25.606	11.298		48.72
3	57.470	5.712	1.60311	46.06	60.7
4	51.142	0.140		46.06	
5	30.772	1.666	1.69680	37.66	55.5
6	15.652	6.944		27.45
7	41.594	1.274	1.77250	27.30	49.6
8	18.158	5.474		23.10	
9	298.620	1.470	1.69680	22.26	55.5
10	13.160	9.324	1.59551	19.74	39.2
11	-48.706	2.478		19.74	
12	52.094	8.456	1.54814	14.56	45.8
13	-10.780	1.470	1.77250	14.56	49.6
14	-14.154	0.980		14.56	
15	-14.378	0.882	1.77250	14.56	49.6
16	-28.154	0.882		14.56	
17	AS	0.882		12.706
18	275.044	9.814	1.66680	14.14	33.0
19	-24.178	2.170	1.62004	14.14	36.3
20	65.198	0.630		15.96	
21	-230.580	0.784	1.92286	15.96	21.3
22	29.918	5.432	1.48749	17.92	70.1
23	-18.606	0.098		19.74	
24	1429.106	2.884	1.80400	23.80	46.6
25	-35.294	Bf		23.80	
[aspherical data]
3	57.470	0	1.02E-05	3.22E-09	-1.22E-11	2.54E-14
[figure]
source	Data/JP1982-064716_Figure01.png
originX	74.70
originY	518.84
ppmm	10.305
[figure]
source	Data/JP1982-064716_Figure01P.png
originX	57.13
originY	106.58
ppmm	2.448
[notes]
