[descriptive data]
title	Nikon AI AF-S Zoom-Nikkor 80-200mm f/2.8D IF-ED (JP 2000-019398 Example 1)
[constants]
[variable distances]
Focal Length	81.55	194.0
Angle of View	30.81	12.41
F-Number	2.88	2.88
Image Height	43.28	43.28
Magnification	0	0
Bf	57.01947	57.01947
d5	17.08501	17.08501
d9	1.99906	22.87155
d16	32.0553	1.61457
d21	3.43076	12.99901
Aperture Diameter	38.414	38.032
[lens data]
1	97.0939	3.8	1.805182	71.5	25.41	
2	72.6165	10.4	1.49782	71.2	82.52	
3	268.0849	0.1		71.2		
4	157.7721	5.3	1.49782	69.92	82.52	
5	894.9563	d5		69.92		
6	50.7516	2.2	1.84666	56.0	23.82	
7	44.4939	1.81		54.55		
8	53.1452	9.0	1.48749	54.55	70.41	
9	17654.599	d9		54.55		
10	365.8054	1.5	1.796681	34.8	45.37	
11	33.8586	7.52		34.08		
12	-51.2952	1.8	1.48749	34.08	70.41	
13	45.0578	6.0	1.84666	35.62	23.82	
14	-287.2535	2.11		34.17		
15	-60.5102	1.8	1.796681	34.17	45.37	
16	8969.214	d16		37.14		
17	165.9894	4.5	1.49782	36.8	82.52	
18	-106.8038	0.2		38.68		
19	772.1751	7.1	1.49782	38.68	82.52	
20	-40.2253	2.0	1.744	39.7	45.0	
21	-100.1483	d21		39.7		
22	AS	1.0		38.414		
23	78.6671	3.5	1.787971	40.48	47.47	
24	216.2251	0.2		40.48		
25	39.9627	6.0	1.49782	39.2	82.52	
26	168.823	4.4	1.62004	38.18	36.27	
27	38.2994	30.5		34.58		
28	272.261	5.0	1.531721	34.34	48.97	
29	-62.3609	14.8		34.34		
30	-36.5028	1.9	1.80384	34.08	33.89	
31	-160.6086	0.2		36.12		
32	137.3427	4.6	1.772789	37.92	49.45	
33	-111.8713	Bf		37.92		
[aspherical data]
[notes]
Generated by Beam42
[patent info]
[report data]
lens name	Nikkor 80-200mm f/2.8 ED
scenarios	0	1
names	80mm f2.8	200mm f2.8
