[descriptive data]
title	WO 2020/158622 Example 4
[constants]
[variable distances]
Focal Length	51.0000	49.9734	46.7777
Angle of View	48.1302	47.0926	44.1132
F-Number	1.4703	1.4899	1.5467
Image Height	43.2600	43.2600	43.2600
Total Length	144.9989	145.0010	145.0017
Magnification	0	-0.0366	-0.14840
d0	Infinity	1360.0000	310.0000
d17	1.5000	2.5667	5.9877
d19	18.9488	17.8838	14.4625
d25	0.9989	0.9993	1.0003
Bf	0.9989	0.9993	1.0003
P	56.6422	56.6422	56.6422
P'	-49.4921	-49.3165	-48.4887
H	56.1281	55.1096	51.9910
H'(p)	93.9989	93.1982	91.2822
H'	-50.0011	-50.8035	-52.7192
[lens data]
1	73.4737	8.4631	1.94595	65.72	18.0
2	358.7117	0.2000		65.72	
3	197.7756	1.5000	1.48749	61.50	70.4
4	26.3321	25.4184		46.06	
5	-27.8556	3.9866	1.80998	41.70	40.9
6	-45.2786	0.2000		42.52	
7	142.5003	1.5000	1.80610	45.66	33.3
8	46.1149	13.8970	1.49700	45.66	81.6
9	-51.1811	0.2000		47.58	
10	106.3792	11.6861	1.80420	53.58	46.5
11	-61.1209	0.2000		53.58	
12	459.0307	8.0301	1.80420	48.94	46.5
13	-58.3770	1.0000	1.72825	47.30	28.3
14	35.7948	1.4413		40.91	
15	44.5054	9.6060	1.72916	40.91	54.7
16	-95.3391	1.0000		41.98	
17	AS	d17		36.711
18	59.4343	2.0771	1.68948	34.88	31.0
19	22.2511	d19		31.94	
20	1728.2052	5.1523	1.94595	33.02	18.0
21	-47.9003	9.3432		33.02	
22	-33.7163	2.0000	1.80998	36.08	40.9
23	-81.7996	15.2400		36.08	
24	CG	1.4100	1.51680	43.94	64.2
25	CG	d25		43.94	
[aspherical data]
5	-27.8556	0	2.11365E-05	-1.07669E-08	-1.28093E-11	2.06627E-14
6	-45.2786	0	2.14007E-05	-8.32835E-09	-1.37409E-11	1.42535E-14
18	59.4343	0	-6.10967E-06	1.04431E-08	-2.68757E-11	2.51332E-14
19	22.2511	0	-6.72047E-06	3.20264E-09	-2.33140E-11	-6.19077E-14
22	-33.7163	0	1.72156E-05	4.25337E-09	-7.21220E-12	4.76474E-15
23	-81.7996	0	8.65688E-06	-3.14887E-09		
[figure]
source	Data/WO2020-158622_Figure07a.png
originX	24.03
originY	495.57
ppmm	8.607
[notes]
Bill: H' adjusted relative to RHS CG.
