[descriptive data]
title	WO 2020/158622 Example 3 (Panasonic Lumix S Pro 50mm F1.4)
[constants]
[variable distances]
Focal Length	49.0004	48.1279	45.2315
Angle of View	51.3784	50.3010	46.8000
F-Number	1.4705	1.4921	1.5649
Image Height	43.2600	43.2600	43.2600
Total Length	148.0040	148.0039	148.0055
Magnification	0	-0.0352	-0.15000
d0	Infinity	1355.0000	291.4803
d16	1.5000	2.8321	7.5963
d18	19.6870	18.0208	12.3145
d20	2.0000	2.3340	3.2779
d27	1.0042	1.0042	1.0040
Bf	1.0042	1.0042	1.0040
P	59.0757	59.0757	59.0757
P'	-49.3285	-48.9491	-47.5201
H	60.3727	59.2052	55.2913
H'(p)	99.0036	98.1804	95.9892
H'	-47.9962	-48.8193	-51.0123											
[lens data]
1	66.0605	9.2236	1.92286	63.04	20.9	E-FDS1
2	485.5991	3.5225		63.04	
3	-5608.8306	1.5000	1.51680	53.98	64.2	BSC7
4	24.4639	16.1084		40.22	
5	-42.3161	1.5000	1.58144	40.12	40.9	E-FL5
6	200.3230	3.6265		40.44	
7	249.4497	9.0000	1.80755	42.96	40.9		MC-NBFD135
8	-75.2160	0.2000		42.96	
9	81.9815	10.7154	1.59282	43.72	68.6	FCD505
10	-53.4384	0.3000		43.72	
11	114.3470	7.7332	1.59282	41.54	68.6	FCD505
12	-52.0541	1.5100	1.85478	40.88	24.8	S-NBH56
13	41.4126	6.6853		38.80	
14	65.4872	10.0635	1.80420	41.96	46.5	TAF3
15	-53.8185	1.0000		41.82	
16	AS	d16		37.302
17	64.1418	1.4000	1.71736	35.68	29.5	E-FD1
18	29.2025	d18		32.80	
19	147.4207	5.1000	1.94595	35.40	18.0	FDS18
20	-72.6539	d20		35.40	
21	-154.2306	1.5100	1.56732	34.58	42.8	E-FL6
22	45.8027	9.0554	1.55032	33.76	75.5	FCD705
23	-55.2867	6.5390		33.76	
24	-30.7259	2.0000	1.68822	33.90	31.1		N-SF8	M-FD80
25	-215.5886	13.4200		34.86	
26	CG	2.1000	1.51680	43.46	64.2	BSC7
27	CG	d27		43.46	
[aspherical data]
7	249.4497	0	4.04714E-07	2.58016E-09	4.51006E-12	-1.10997E-14
8	-75.2160	0	3.87260E-06	1.87609E-09	7.45815E-12	-1.12514E-14
24	-30.7259	0	1.32764E-05	9.38299E-09	-5.00850E-11	7.82519E-14
25	-215.5886	0	3.61044E-06	5.93299E-09	-4.07704E-11	5.45033E-14
[figure]
source	Data/WO2020-158622_Figure05a.png
originX	50.57
originY	498.22
ppmm	8.953
[notes]
Bill: H' adjusted relative to RHS CG.
