[descriptive data]
title	WO 2020/158622 Example 2
[constants]
[variable distances]
Focal Length	49.0013	48.0631	45.0299
Angle of View	51.5976	50.5898	47.3388
F-Number	1.4705	1.4909	1.5591
Image Height	43.2600	43.2600	43.2600
Total Length	148.0044	148.0044	148.0062
Magnification	0	-0.0353	-0.15000
d0	Infinity	1355.0000	295.4248
d16	1.5000	2.5388	6.1878
d18	19.9887	18.6081	13.9936
d20	2.0000	2.3418	3.3093
d27	1.0043	1.0043	1.0041
Bf	1.0043	1.0043	1.0041
P	53.6882	53.6882	53.6882
P'	-48.8173	-48.4578	-47.1973
H	54.4950	53.3871	49.7953
H'(p)	99.0031	98.2431	96.2216
H'	-47.9970	-48.7570	-50.7805											
[lens data]
1	74.8582	8.1957	1.92286	59.98	20.9
2	3077.2623	1.2536		59.98	
3	483.0655	1.5000	1.51680	53.02	64.2
4	27.3169	16.8091		40.60	
5	-29.4150	4.1500	1.80755	39.36	40.9
6	-43.0052	5.3925		40.04	
7	-39.2172	7.0000	1.72916	40.60	54.7
8	-36.0952	1.5493		44.00	
9	107.0787	10.8573	1.59282	47.70	68.6
10	-56.5395	0.3000		47.70	
11	76.9583	9.5866	1.59282	44.56	68.6
12	-66.3273	1.5100	1.85478	43.18	24.8
13	40.5446	3.7382		40.60	
14	49.7785	10.0352	1.83481	42.24	42.7
15	-76.5200	1.0000		42.24	
16	AS	d16		37.803
17	65.4588	1.4000	1.80610	36.08	33.3
18	28.3351	d18		33.76	
19	203.7401	5.0078	1.94595	35.72	18.0
20	-67.1629	d20		35.72	
21	-329.7041	1.5100	1.56732	34.96	42.8
22	49.7035	8.9393	1.55032	34.18	75.5
23	-58.2461	6.2568		34.08	
24	-29.1377	2.0000	1.68822	33.42	31.1
25	-215.5886	13.4200		34.84	
26	CG	2.1000	1.51680	43.80	64.2
27	CG	d27		43.80	
[aspherical data]
5	-29.4150	0	1.63582E-05	4.90963E-09	-4.42369E-11	5.16463E-14
6	-43.0052	0	1.77232E-05	5.86926E-09	-3.44143E-11	3.24554E-14
24	-29.1377	0	1.43195E-05	1.87688E-08	-6.26576E-11	8.75135E-14
25	-215.5886	0	1.82970E-06	1.40500E-08	-4.86998E-11	5.83021E-14
[figure]
source	Data/WO2020-158622_Figure03a.png
originX	45.62
originY	490.70
ppmm	9.187
[notes]
Bill: H' adjusted relative to RHS CG.
