[descriptive data]
title	WO 2020/158622 Example 1
[constants]
[variable distances]
Focal Length	49.0004	47.8581	44.2577
Angle of View	51.0552	50.1556	47.2314
F-Number	1.4703	1.4853	1.5340
Image Height	43.2600	43.2600	43.2600
Total Length	145.0000	145.0012	145.0023
Magnification	0	-0.0350	-0.15000
d0	Infinity	1355.0000	291.3811
d16	1.5000	2.4906	5.9610
d18	19.2683	18.0594	13.9548
d20	9.9288	10.1477	10.7828
d24	1.0001	1.0007	1.0009
Bf	1.0001	1.0007	1.0009
P	53.7399	53.7399	53.7399
P'	-46.1234	-45.8347	-44.7561
H	51.7883	50.8680	47.9251
H'(p)	95.9996	95.4565	94.1058
H'	-48.0003	-48.5440	-49.8956											
[lens data]
1	85.2453	9.7387	1.92286	62.64	20.9
2	-542.6460	0.2000		62.64	
3	-1123.8123	1.5000	1.51680	57.60	64.2
4	27.4046	20.9793		42.70	
5	-26.2750	4.2000	1.80998	39.44	40.9
6	-34.6810	3.9642		40.94	
7	-44.6893	8.5147	1.49700	41.62	81.6
8	-33.0477	0.2000		44.34	
9	183.5522	12.0272	1.59282	51.14	68.6
10	-47.1171	0.2000		51.14	
11	80.9175	8.9284	1.80420	47.76	46.5
12	-130.5661	1.5000	2.05090	45.90	26.9
13	39.4751	2.0074		42.96	
14	44.4597	13.0298	1.72916	43.80	54.7
15	-58.0923	1.0000		43.80	
16	AS	d16		37.605
17	58.2067	2.2631	1.68948	34.80	31.0
18	24.1921	d18		30.60	
19	680.7569	5.3500	1.94595	33.30	18.0
20	-50.7187	d20		33.30	
21	-35.1124	2.0000	1.68948	33.30	31.0
22	-214.6999	13.6000		34.44	
23	CG	2.1000	1.51680	43.72	64.2
24	CG	d24		43.72	
[aspherical data]
5	-26.2750	0	1.44712E-05	3.68006E-08	-1.27668E-10	1.32464E-13
6	-34.6810	0	1.86289E-05	3.06573E-08	-8.63542E-11	7.01394E-14
17	58.2067	0	4.72563E-06	-2.20286E-08	4.33723E-11	-3.23551E-14
18	24.1921	0	5.57353E-06	-2.51083E-08	4.01273E-11	-3.22271E-14
21	-35.1124	0	9.01876E-06	1.26236E-08	-1.21882E-11	1.30783E-14
22	-214.6999	0	-6.87644E-08	1.41500E-09		
[figure]
source	Data/WO2020-158622_Figure01a.png
originX	17.94
originY	500.33
ppmm	9.106
[notes]
Bill: H' adjusted relative to RHS CG.
