[descriptive data]
title	JP 2018-189733 Example 1 (Sigma 14-24mm F2.8 DG HSM Art)
[constants]
AsphericalOddCount	7
[variable distances]
Focal Length	14.50	17.98	23.15
Angle of View	112.80	100.18	85.54
F-Number	2.93	2.93	2.93
Image Height	43.26	43.26	43.26
Total Length	169.4000	161.7150	157.9000
Magnification	0	0	0
d0	Infinity	Infinity	Infinity
d11	29.2621	15.3732	2.3000
d17	8.4844	9.0291	9.7754
Bf	38.80	44.5092	53.0211
Aperture Diameter	17.266	18.870	21.377
[lens data]
1	103.2579	3.9000	1.69350	77.78	53.18	M-LAC130
2	30.9115	8.0372		56.92	
3	40.7164	2.7500	2.00100	59.66	29.13	TAFD55
4	23.7204	9.2439		43.90	
5	55.7625	2.0500	1.58913	44.76	61.25	M-BACD5N
6	28.3734	6.7015		40.46	
7	82.8041	1.4000	1.55032	39.94	75.50	FCD705
8	45.0874	7.5827		37.20	
9	-77.7055	1.5463	1.43700	36.36	95.10	FCD100
10	36.4668	6.1330	1.90043	37.72	37.37	TAFD37
11	-775.0963	d11		37.72	
12	57.6150	0.8000	1.92286	24.06	20.88	M-FDS1
13	21.7173	4.5092	1.72047	24.06	34.71	S-NBH8
14	178.1154	0.1500		24.06	
15	41.7845	6.1027	1.85478	24.06	24.80	S-NBH56
16	-34.1098	0.8000	1.87071	24.06	40.73	TAFD32
17	90.6372	d17		24.06	
18	AS	1.2451		17.266
19	61.7430	1.6529	1.83481	24.58	42.72	TAFD5F
20	22.4609	8.7241	1.43700	24.58	95.10	FCD100
21	-22.4609	0.9000	1.88300	24.58	40.80	TAFD30
22	-54.0822	0.1500		24.58	
23	30.5430	6.6588	1.43700	25.26	95.10	FCD100
24	-38.9423	0.1500		25.26	
25	33.4494	0.9000	1.88300	26.02	40.80	TAFD30
26	17.2295	5.1983	1.49700	26.02	81.61	FCD1
27	40.7628	3.0166		24.48	
28	-59.7876	2.5013	1.55332	24.48	71.68	M-FCD500
29	-33.3434	Bf		26.78	
[aspherical data]
1	103.2579	0	0	6.55174E-06	0	-5.95250E-09	0	5.79271E-12	0	-2.88620E-15	0	6.61914E-19				
5	55.7625	0	1.93222E-04	-3.68159E-05	5.25855E-06	-6.73333E-07	9.17837E-08	-6.28671E-09	3.30188E-11	1.65903E-11	-7.27135E-13	8.86930E-15	-2.15003E-17	-9.32433E-19	2.26985E-19	-5.26081E-21
6	28.3734	0	1.94996E-04	-2.79917E-05	3.65169E-06	-2.89294E-07	5.54599E-08	-4.95413E-09	4.32334E-12	1.90161E-11	-8.89540E-13	1.29484E-14	5.98468E-17	-2.64408E-18	-2.71372E-19	1.09024E-20
28	-59.7876	0	0	2.90946E-06	0	2.52437E-07	0	-2.81316E-09	0	1.11245E-11	0	5.16896E-14	0	-7.20468E-16	0	1.89635E-18
29	-33.3434	0	0	1.29160E-05	0	2.41692E-07	0	-2.80692E-09	0	1.94763E-11	0	-6.96686E-14	0	1.18168E-17	0	2.99920E-19
[group data]
G1	1	-25.2907
G2	12	72.5361
G3	18	55.0724
[figure]
source	Data/JP2018-189733_Figure01.png
originX	51.48
originY	387.53
ppmm	6.688
[figure]
source	Data/JP2018-189733_Figure01P.png
originX	11.57
originY	117.90
ppmm	2.742
[notes]
[report data]
lens name	Sigma 14-24mm F2.8 DG HSM Art
scenarios	0	2
names	14mm f2.8	24mm f2.8
