[descriptive data]
title	JP2023-039817 Example 2 (Sony FE 70-200mm F2.8 GM OSS II)
[constants]
[variable distances]
Focal Length	72.14	120.82	193.95	undefined	undefined	undefined
F-Number	2.88	2.88	2.88	undefined	undefined	undefined
Angle of View	33.40	20.30	12.73	undefined	undefined	undefined
Image Height	43.28	43.26	43.26	43.28	43.26	43.26
Total Length	215.07	215.07	215.07	215.07	215.07	215.07
Magnification	0	0	0	-0.08207	-0.13304	-0.19756
S	Infinity	Infinity	Infinity	1000	1000	1000
d0	Infinity	Infinity	Infinity	808.30	784.31	788.54
d6	1.49	30.13	50.19	1.49	30.13	50.19
d8	22.95	12.99	14.85	22.95	12.99	14.85
d11	25.12	14.91	1.03	25.12	14.91	1.03
d13	18.00	9.53	1.49	18.00	9.53	1.49
d23	6.59	4.87	2.30	7.73	9.07	11.53
d26	19.74	21.12	28.28	17.44	14.85	13.71
d28	7.95	8.28	3.70	9.10	10.36	9.03
Bf	28.79	28.79	28.79	28.79	28.79	28.79
[lens data]
1	116.681	2.82	1.77660	67.36	29.7
2	83.814	0.29		66.15	
3	87.118	8.34	1.43810	66.15	95.1
4	-9920.911	0.20		65.95	
5	78.201	8.43	1.43810	64.74	95.1
6	1122.581	d6		64.02	
7	481.705	1.40	1.77621	37.16	49.6
8	43.542	d8		35.56	
9	-76.229	1.40	1.49845	36.41	81.6
10	63.489	4.55	1.86290	37.87	24.8
11	226.428	d11		38.01	
12	66.789	2.61	1.79191	38.79	25.7
13	116.801	d13		38.62	
14	47.448	8.26	1.49856	38.74	81.6
15	-96.798	6.89		37.96	
16	AS	3.30		34.14	
17	-192.404	1.37	1.86290	33.01	24.8
18	52.285	2.08		32.33	
19	45.043	1.00	1.86290	33.11	24.8
20	32.823	7.88	1.58547	32.65	59.4
21	-79.003	0.70		32.54	
22	325.773	4.52	1.58547	31.83	59.4
23	-95.070	d23		31.22	
24	Infinity	3.12	1.93323	27.24	20.9
25	-54.730	1.00	1.65803	26.75	39.7
26	30.625	d26		24.22	
27	53.755	6.52	1.61669	32.57	44.3
28	-70.637	d28		32.58	
29	-321.338	1.25	1.49845	31.06	81.6
30	62.501	5.22		30.50	
31	-44.639	1.30	2.00912	30.50	29.1
32	-95.059	Bf		31.47	
[aspherical data]
14	47.448	0	-1.54432E-07	5.58124E-10	4.63363E-13			
15	-96.798	0	5.42944E-06	-4.00709E-09	1.18539E-11	-4.01118E-14	7.61194E-17	-5.77873E-20
21	-79.003	0	2.77126E-06	1.11872E-08	-1.24574E-10	6.42677E-13	-1.62172E-15	1.60781E-18
22	325.773	0	6.52518E-06	2.38380E-10	-4.20100E-11	1.79781E-13	-2.30019E-16	5.26712E-20
23	-95.070	0	3.54582E-06	-7.39037E-09	6.16827E-11	-3.49819E-13	1.13261E-15	-1.35854E-18
[group data]
GR1	1	131.47
GR2	7	-62.05
GR3	9	-214.78
GR4	12	194.31
GR5	14	54.25
GR6	24	-61.03
GR7	27	50.78
GR8	29	-45.91
[figure]
source	Data/JP2023-039817_Figure14W.png
originX	149.81
originY	376.00
ppmm	5.173
[figure]
source	Data/JP2023-039817_Figure14WP.png
originX	23.56
originY	106.96
ppmm	2.254
[notes]
Bill: Patent diameters. Measured d0 and Magnification.
