[descriptive data]				
title	CN 115826211 A Example 4
[constants]
[variable distances]				
Focal Length	34.9	35.9
Angle of View	64.2	undefined	
F-Number	1.2	undefined
Image Height	43.2	43.2
Magnification	0	-0.16931
S	Infinity	206
d0	Infinity	204.77
d7	1.871	8.312
d10	15.329	8.888
d14	7.987	2.836
d19	1.771	6.922
Bf	0	0
[lens data]
1	160.000	1.800	1.487	54.54	70.440
2	30.681	17.000		45.28	
3	-46.032	1.500	1.847	45.64	23.784
4	121.681	10.100	1.883	48.70	40.806
5	-50.589	0.150		48.70	
6	41.930	8.000	1.810	43.78	40.993
7	548.490	d7		43.78
8	89.164	4.400	1.946	41.28	17.942
9	-350.961	1.200	1.581	41.28	40.746
10	26.739	d10		35.37
11	-89.304	9.300	1.593	35.25	68.624
12	-21.696	1.500	1.689	37.81	31.161
13	-143.459	1.000		37.81
14	AS	d14		38.128
15	127.829	4.790	1.593	40.64	68.624
16	-137.080	0.155		40.64
17	66.543	9.800	1.569	40.06	71.304
18	-36.112	1.300	1.847	40.06	23.784
19	-56.398	d19		40.06
20	75.226	3.300	1.946	36.96	17.942
21	563.350	0.200		36.96	
22	32.827	4.800	1.593	34.22	68.624
23	178.575	1.200	1.741	34.22	27.760
24	23.763	7.090		30.80	
25	-160.122	2.000	1.810	30.80	40.993
26	569.704	16.017		31.48	
27	CG	1.500	1.517	42.85	64.199
28	CG	0.500		42.85
[aspherical data]
6	41.930	0	-9.318E-07	1.101E-10	-3.308E-12	7.390E-15	-7.627E-18
7	548.490	0	6.479E-07	-4.309E-10	-1.152E-12	3.090E-15	-4.197E-18
25	-160.122	0	-1.490E-05	3.794E-08	1.698E-11	-3.073E-13	5.400E-16
26	569.704	0	-5.549E-06	4.552E-08	3.321E-11	-2.504E-13	5.148E-16
[figure]
source	Data/CN115826211_Figure04.png
originX	54.88
originY	379.87
ppmm	10.384
[notes]
