[descriptive data]
title	US 3,740,120 Example 1
[constants]
Scaled	28	1
[variable distances]
Focal Length	28
Angle of View	76
F-Number	2.8
Image Height	43.2
Magnification	0
d0	Infinity
Bf	38.304
[lens data]
1	31.2676	2.7496	1.48914	35.14	70.22
2	17.8976	6.4988		27.28	
3	84.1036	3.2004	1.60889	27.50	43.63
4	-108.4580	0.1008		27.50	
5	81.9868	1.8396	1.48914	23.68	70.22
6	12.5664	9.2092		16.80	
7	22.3216	7.0000	1.67133	15.70	41.64
8	38.0800	1.8300		15.70	
8AS	AS	1.1688		13.739
9	41.5408	3.4496	1.69401	15.58	54.48
10	-55.4568	2.9512		15.58	
11	-33.9920	1.1004	1.79180	16.80	25.87
12	37.4080	1.5988		15.35
13	-41.0564	2.2008	1.69401	15.35	54.48
14	-20.3028	0.1008		17.66	
15	116.1552	2.9988	1.69401	21.26	54.48
16	-28.0532	Bf		21.26	
[figure]
source	Data/US003740120_Figure01.png
originX	96.12
originY	389.39
ppmm	19.425
[notes]
