[descriptive data]
title	US 3,740,120 Example 2
[constants]
Scaled	28	1
[variable distances]
Focal Length	28
Angle of View	76
F-Number	2.8
Image Height	43.2
Magnification	0
d0	Infinity
Bf	38.304
[lens data]
1	34.0928	2.7496	1.48914	35.36	70.22
2	17.4944	6.4988		27.40	
3	58.7720	3.2004	1.69232	27.60	49.18
4	-105.8932	0.1008		27.60	
5	298.3344	1.8396	1.48914	23.56	70.22
6	12.5244	9.2092		16.58	
7	23.4108	7.0000	1.67341	15.38	46.82
8	44.3380	1.8690		15.38	
8AS	AS	1.1298		14.096
9	41.1544	3.4496	1.69401	15.60	54.48
10	-64.1060	2.9512		15.60	
11	-58.6628	1.1004	1.79180	16.80	25.87
12	31.3292	1.5988		14.56
13	-36.6716	2.2008	1.64304	14.56	59.85
14	-20.1096	0.1008		18.10	
15	79.9036	2.9988	1.64304	20.94	59.85
16	-29.9880	Bf		20.94	
[figure]
source	Data/US003740120_Figure01.png
originX	96.48
originY	383.60
ppmm	19.408
[notes]
