[descriptive data]
title	US 2025/0271647 Example 2
[constants]
[variable distances]
Focal Length	35.0
Angle of View	63.3
F-Number	1.24
Image Height	43.2
Magnification	0
Bf	0.85
[lens data]
1	-79.88628787771422	1.75	1.60342	34.36	38.03	S-TIM5
2	24.734985808216603	7.35	2.001	30.26	29.14	S-LAH99
3	-1577.3296640242688	0.35		30.26		
4	41.125	7.0	1.7432	28.18	49.34	S-LAM60
5	-44.90370907194489	1.4	1.7552	26.96	27.51	S-TIH4
6	24.57107767072802	4.9		24.34		
7	AS	1.75		24.472		
8	0.0	5.6	1.883	25.54	40.77	S-LAH58
9	-23.60092421441597	1.4	1.738	25.54	32.26	S-NBH53
10	26.676563128535513	8.4	1.7432	25.54	49.34	S-LAM60
11	-70.96570633014973	0.35		25.54		
12	27.70251804353271	7.0	1.95375	24.14	32.32	S-LAH98
13	-34.24542332096305	1.4	1.64769	23.36	33.79	S-TIM22
14	21.84004852252406	4.55		23.02		
15	-80.88029149608383	2.1	1.902	23.02	25.1	L-NBH54
16	-89.42552132417053	13.98		23.54		
17	0.0	0.75	1.51633	51.34	64.14	S-BSL7
18	0.0	0.85		51.34		
[aspherical data]
4	41.125	0.0	-1.0420323936617725E-5	-1.8470028519182792E-8	-6.498191689485364E-12	0.0	
11	-70.96570633014973	0.0	-3.616199620397022E-6	-1.2939574001522898E-8	2.1797026754282937E-11	0.0	
16	-89.42552132417053	0.0	2.2615324260216188E-5	-2.1151901289517616E-8	1.0805825366922407E-9	-5.734824357131524E-12	1.594888178329319E-14	
[notes]
Generated by Beam42
[patent info]
[report data]
