[descriptive data]				
title	US 3,549,241 Example 5
[constants]
Scaled	21.6	100
[variable distances]				
Focal Length	21.6
Angle of View	90
F-Number	4
Image Height	43.2
Total Length	undefined
Magnification	0
d0	Infinity
Bf	45.215
Aperture Diameter	10.203
[lens data]				
1	44.140	1.760	1.75520	55.56	27.5
1'	32.869	9.392	1.69680	47.80	55.6
2	98.608	0.117		47.80	
3	32.283	0.940	1.65160	33.62	58.5
4	13.852	5.869		22.37	
5	26.060	0.940	1.69680	24.84	55.6
6	9.860	4.696		15.62	
7	193.696	1.173	1.74443	15.85	49.4
9	12.679	12.560	1.58065	12.70	37.1
10	-44.842	0.117		9.88	
11	28.644	2.700	1.62004	11.12	36.3
11''	-14.083	0.940	1.62041	11.12	60.3
11'	Infinity	0.467		11.12	
11'AS	AS	1.646		10.203
12'	Infinity	1.760	1.62004	11.80	36.3
12	-18.606	0.469		11.80	
13	-15.144	0.821	1.80518	11.91	25.5
14	21.224	1.173	1.62041	10.78	38.0
15	53.765	0.821		10.78
16	-62.217	1.760	1.51680	12.47	64.2
17	-15.612	0.117		12.47	
18	-211.304	2.376	1.56384	14.39	60.8
19	-15.075	Bf		14.39	
[figure]				
source	Data/US003549241_Figure05.png
originX	61
originY	475
ppmm	14.458
[notes]

