[descriptive data]
title	US 2025/0271647 Example 2
[constants]
[variable distances]
Focal Length	35.0
Angle of View	63.3
F-Number	1.24
Image Height	43.2
Magnification	0
Bf	0.85
[lens data]
1	-82.42455768530645	1.75	1.60342	34.36	38.03	S-TIM5
2	24.466700216398284	7.35	2.001	30.26	29.14	S-LAH99
3	-1577.3799955794912	0.35		30.26		
4	41.125	7.0	1.741	28.18	52.64	S-LAL61
5	-47.14510437228584	1.4	1.7552	26.96	27.51	S-TIH4
6	24.50090686117901	4.9		24.34		
7	AS	1.75		24.472		
8	0.0	5.6	1.883	25.54	40.77	S-LAH58
9	-23.625697223504492	1.4	1.738	25.54	32.26	S-NBH53
10	23.13501599456063	8.4	1.741	25.54	52.64	S-LAL61
11	-72.62526906838033	0.35		25.54		
12	27.406032668439465	7.0	1.95375	24.14	32.32	S-LAH98
13	-34.65341155967488	1.4	1.6398	23.36	34.47	S-TIM27
14	21.489768942780845	4.55		23.02		
15	-80.11501105637662	2.1	1.9165	23.02	31.6	S-LAH88
16	-93.55485507075431	13.85		23.54		
17	0.0	0.75	1.51633	51.34	64.14	S-BSL7
18	0.0	0.85		51.34		
[aspherical data]
4	41.125	0.0	-1.0905680957681529E-5	-1.8416039602604703E-8	-3.057320497189701E-14	0.0	
11	-72.62526906838033	0.0	-3.680357201846455E-6	-1.3208985982315452E-8	2.1338637293240215E-11	0.0	
16	-93.55485507075431	0.0	2.3680557379485835E-5	-2.0360443784262843E-8	1.0917651353698395E-9	-5.736649981572721E-12	1.5950100296124735E-14	
[notes]
Generated by Beam42
[patent info]
[report data]
