[descriptive data]
title	US 2024/0045184 Example 1 (Canon RF10-20mm F4 L IS STM)
[constants]
[variable distances]
Focal Length	10.33	15.00	19.39
Angle of View	122.72	110.52	96.26
F-Number	4.08	4.08	4.12
Image Height	37.84	43.28	43.28
Total Length	128.82	122.35	123.27
Magnification	0	0	0
d0	Infinity	Infinity	Infinity
d9	24.06	9.31	2.42
d10	3.18	3.92	3.78
d12	4.97	4.23	4.37
d27	3.36	11.64	19.44
Bf	12.13	12.13	12.13
Aperture Diameter	9.493	11.064	12.579
[lens data]
1	37.000	3.00	1.58313	63.08	59.4
2	17.814	12.20		48.09
3	52.582	1.23	1.91082	43.11	35.2
4	17.849	5.54		31.05
5	30.037	1.15	1.59282	33.34	68.6
6	18.728	9.86		27.81
7	-28.561	1.10	1.43875	27.48	94.7
8	33.065	4.99	1.88300	27.48	40.8
9	-88.917	d9		27.48	
10	AS	d10		9.493
11	76.538	1.86	1.72047	15.69	34.7
12	-170.686	d12		15.69
13	21.236	0.69	1.80810	18.20	22.8
14	10.223	4.67	1.67300	15.71	38.3
15	101.506	0.80		14.40
16	-48.763	0.55	1.88300	14.40	40.8
17	13.497	2.73	1.92286	15.74	20.9
18	39.963	0.35		15.74
19	19.540	5.55	1.49700	18.66	81.5
20	-31.043	0.15		18.66
21	18.566	0.64	2.05090	21.38	26.9
22	11.089	7.99	1.49700	18.84	81.5
23	-43.632	0.35		18.84	
24	22.204	0.90	1.88300	20.54	40.8
25	16.576	5.56		18.96
26	-26.667	1.90	1.85400	19.74	40.4
27	-55.445	d27		22.54	
28	-497.495	7.36	1.49700	38.99	81.5
29	-33.423	Bf		38.99
[aspherical data]
1	37.000	0	2.59429E-06	-2.61399E-08	5.21697E-11	-5.59197E-14	3.27515E-17	-8.57311E-21
2	17.814	-0.876022	9.21103E-06	-3.58438E-08	-4.52147E-11	2.92832E-13	-4.25258E-16	2.03592E-19
20	-31.043	0	2.45229E-05	-3.72036E-08	-1.08800E-09	1.03970E-11	-1.91023E-14	
26	-26.667	0	1.66615E-04	-1.90317E-06	1.23230E-08	-9.41453E-11	4.39584E-13	
27	-55.445	0	1.69532E-04	-1.38711E-06	4.53596E-09	-6.87436E-12	2.41668E-14	
[group data]
L1	1	10	-19.37
L2	11	12	73.58
L3	13	27	49.46
L4	28	29	71.72
LIS	24	25	-80.07
[figure]
source	Data/US20240045184_Figure01.png
originX	39.54
originY	390.19
ppmm	7.774
[figure]
source	Data/US20240045184_Figure01P.png
originX	35.45
originY	115.13
ppmm	2.494
[notes]
