[descriptive data]
title	US 2009/0296231 Example 2 (Canon EF70-200mm f2.8L IS II USM)
[constants]
[variable distances]
Focal Length	72.14	135.00	193.97
F-Number	2.9	2.9	2.9
Angle of View	33.4	18.2	12.7
Image Height	43.2	43.2	43.2
Total Length	184.7	184.7	184.7
Magnification	0	0	0
d0	Infinity	Infinity	Infinity
d6	10.68	26.38	33.38
d10	1.58	13.38	17.34
d17	28.81	14.37	1.08
d23	18.32	5.25	7.59
Bf	54.10	54.10	54.10
[lens data]
1	314.575	2.80	1.74950	73.78	35.3
2	117.542	0.96		71.26
3	141.139	8.36	1.49700	71.26	81.5
4	-300.657	0.15		71.74	
5	75.124	6.81	1.49700	66.96	81.5
6	218.609	d6		66.96	
7	51.382	2.30	1.80518	54.50	25.4
8	43.180	1.43		51.08	
9	50.611	8.60	1.49700	50.56	81.5
10	33115.608	d10		50.56	
11	-1003.993	1.40	1.80400	35.04	46.6
12	34.333	5.79		32.54
13	-81.909	1.40	1.49700	32.54	81.5
14	36.914	5.39	1.84666	33.18	23.9
15	341.176	2.84		33.18
16	-57.998	1.40	1.69680	34.86	55.5
17	3742.480	d17		34.86	
18	169.934	4.88	1.67790	35.72	55.3
19	-93.961	0.15		35.72	
20	594.797	6.28	1.43387	35.20	95.1
21	-45.332	0.09		35.20	
22	-44.317	1.60	1.80100	35.20	35.0
23	-93.196	d23		35.30	
24	AS	0.40		35.319
25	52.860	3.55	1.80400	36.56	46.6
26	160.464	0.20		36.56	
27	51.230	3.52	1.77250	34.48	49.6
28	82.622	1.70		33.16	
29	4742.170	1.60	1.74000	33.16	28.3
30	37.278	7.58	1.49700	33.16	81.5
31	-114.057	3.20		33.16	
32	205.849	3.65	1.80518	30.10	25.4
33	-72.004	1.40	1.58313	30.10	59.4
34	33.673	4.87		29.03
35	-69.300	1.40	1.74400	29.03	44.8
36	1788.356	3.46		30.10	
37	181.747	3.83	1.80400	33.50	46.6
38	-82.196	3.16		33.50	
39	265.558	8.91	1.48749	36.34	70.2
40	-27.996	2.00	1.83400	33.82	37.2
41	-193.240	5.00		36.00	
42	81.384	3.31	1.83400	39.60	37.2
43	307.388	Bf		39.60	
[group data]
L1F	1	177.23
L1R	7	142.00
L2	11	-25.70
L3	18	83.94
L4	24	100.65
[figure]
source	Data/US20090296231_Figure04.png
originX	61.85
originY	502.77
ppmm	6.662
[figure]
source	Data/US20090296231_Figure04P.png
originX	30.56
originY	109.54
ppmm	1.656
[notes]
