[descriptive data]
title	US 2026/0009984 Example 4 (Canon RF100-300mm F2.8L IS USM)
[constants]
[variable distances]
Focal Length	103.0	295.0
Angle of View	23.72	8.38
F-Number	2.9	2.91
Image Height	43.28	43.28
Magnification	0	0
Bf	35.45	35.45
d8	5.83	87.14
d16	82.31	1.0
d34	6.72	4.67
d37	5.01	9.54
d39	27.9	25.41
[lens data]
1	318.412	9.6	1.48749	107.66	70.24	S-FSL5
2	-861.108	0.5		107.66		
3	150.245	12.24	1.43384	102.62	95.26	NICF-V
4	9401.3	7.0		102.62		
5	111.079	14.21	1.497	91.42	81.55	S-FPL51
6	-1731.157	0.2		91.42		
7	-1429.819	2.4	1.6134	91.42	44.27	S-NBM51
8	100.324	d8		78.45		
9	-6502.891	1.8	1.58144	57.05	40.75	S-TIL25
10	58.931	7.68		47.73		
11	-110.449	1.6	1.497	47.73	81.55	S-FPL51
12	198.706	0.3		57.05		
13	101.587	5.82	1.85478	49.58	24.8	S-NBH56
14	-370.711	1.6		49.58		
15	-131.451	1.6	1.76385	50.28	48.49	S-LAH96
16	885.349	d16		51.42		
17	139.669	5.94	1.497	57.68	81.55	S-FPL51
18	-250.111	0.5		57.68		
19	79.286	9.55	1.497	53.42	81.55	S-FPL51
20	-110.681	1.8	1.7859	53.42	44.2	S-LAH51
21	168.957	0.5		53.42		
22	67.931	6.88	1.497	53.42	81.55	S-FPL51
23	8851.483	3.89		53.42		
24	AS	17.94		45.098		
25	18059.683	4.63	1.84666	44.63	23.78	S-TIH53
26	-78.373	1.5	1.72342	44.63	37.96	S-BAH28
27	50.231	3.73		39.02		
28	86.093	1.5	1.89286	39.39	20.36	S-NPH4
29	49.267	6.22	1.72916	39.39	54.68	S-LAL18
30	-265.136	0.3		39.39		
31	77.83	2.83	1.804	37.98	46.57	S-LAH65
32	190.511	1.5		37.98		
33	38.86	2.83	1.6516	35.24	58.55	S-LAL7
34	55.133	d34		35.24		
35	334.84	2.79	1.89286	31.98	20.36	S-NPH4
36	-158.15	1.5	1.7725	31.98	49.6	S-LAH66
37	46.681	d37		31.98		
38	57.104	1.5	1.755	33.2	52.32	S-LAH97
39	39.022	d39		33.2		
40	74.395	11.11	1.58313	45.78	59.37	S-BAL42
41	-70.264	8.49		45.78		
42	-46.66	1.4	1.64769	45.45	33.79	S-TIM22
43	-141.783	Bf		45.45		
[aspherical data]
41	-70.264	0.0	-1.73775E-6	1.43818E-10	-1.24546E-12	1.73713E-15	-5.94146E-19	
[notes]
Generated by Beam42
[patent info]
country	US
number	US 2026/0009984
example	4
year applied	2022
inventors	Masato Katayose
current assignee	Canon Inc
original assignee	Canon Inc
link	https://patents.google.com/patent/US20260009984A1/en
[report data]
lens name	Canon RF100-300mm F2.8L IS USM
scenarios	0	1
names	100mm f2.8	300mm f2.8
