[descriptive data]
title	WO2024-166548 Example 2
[constants]
[variable distances]
Focal Length	51.39
Angle of View	45.66
F-Number	1.44
Image Height	43.26
Total Length	112.0
d0	Infinity	338.0
d15	2.0	12.40
d19	12.86	2.46
Bf	1.0
[lens data]
1	62.567	6.05	1.91082	44.49	35.2	TAFD35
2	0	1.0		42.91
3	400.0	1.6	1.56732	39.89	42.8	S-TIL26
4	29.088	2.48	2.00272	33.12	19.3	E-FDS2
5	32.046	3.73		31.48
6	107.66	2.0	1.76802	30.68	49.2	M-TAF101
7	69.599	5.94		30.21
8	-38.262	1.5	1.7552	30.39	27.5	E-FD4
9	44.324	7.78	1.80420	34.45	46.5	TAF3
10	-61.024	1.5		35.23
11	AS	1.0		36.63
12	128.125	4.42	1.55032	37.84	75.5	FCD705
13	-106.771	0.2		38.11
14	67.251	7.52	1.59349	38.67	67.0	PCD51
15	-88.103	d15		38.29
16	291.042	1.4	2.001	33.85	29.1	TAFD55
17	34.064	4.46		31.98
18	58.821	3.15	1.98613	32.78	16.5	FDS16-W
19	277.496	d19		32.59
20	93.961	5.05	1.80420	30.2	46.5	TAF3
21	-62.154	0.2		29.95
22	57.882	8.76	1.76385	30.15	48.5	S-LAH96
23	-30.658	1.4	1.69895	29.55	30.1	E-FD15
24	33.629	7.46		27.48
25	-83.741	1.5	1.76802	27.98	49.2	M-TAF101
26	159.796	13.53		29.4
27	CG	2.5	1.51680	48.0	64.2	BSC7
28	CG	1.0		48.0
[aspherical data]
6	107.66	0	-1.51087E-7	5.91365E-9	-2.29749E-11	0
7	69.599	0	5.47676E-6	1.21058E-8	-1.59553E-11	0
25	-83.741	0	-4.22663E-5	2.83924E-7	-1.52826E-9	5.56346E-12	-1.14726E-14	8.67993E-18
26	159.796	0	-3.24208E-5	2.66835E-7	-1.24804E-9	4.02462E-12	-7.07874E-15	4.50338E-18
[figure]
[notes]

