[descriptive data]
title	JP 2014-048488 Example 3 (Sigma 35mm F1.4 DG HSM Art)
[constants]
[variable distances]
Focal Length	34.00	undefined
Angle of View	65.49	60.42
F-Number	1.45	1.67
Image Height	43.26	43.26
Total Length	135.98	135.98
Magnification	0	-0.192
S	Infinity	300
d0	Infinity	164
d10	7.0345	1.0000
d15	7.0624	5.9204
Bf	39.2000	46.3765
[lens data]
1	51.6928	2.5000	1.58913	51.12	61.25
2	23.1387	13.8467		40.45
3	-108.9590	1.5000	1.43700	40.96	95.10
4	47.6787	3.5755		37.20	
5	196.1242	4.5045	2.00100	39.16	29.13
6	-94.0062	3.8127		39.16	
7	-37.6685	1.3000	1.72825	37.86	28.32
8	606.2428	0.1500		39.34	
9	79.8753	8.9087	1.59282	39.82	68.62
10	-46.6701	d10		39.82	
11	61.2667	5.7369	2.00100	42.44	29.13
12	-336.7562	0.1500		42.44	
13	74.1753	8.8511	1.59282	39.66	68.62
14	-45.3970	1.5000	1.60342	39.66	38.01
15	35.4664	d15		31.30	
16	AS	5.5151		29.102
17	-30.0000	1.2500	1.80518	29.82	25.46
18	119.7609	4.9960	1.43700	32.78	95.10
19	-68.8075	0.1500		32.78	
20	70.0035	6.2650	1.56883	34.26	56.04
21	-57.8073	0.1500		34.26	
22	86.6673	1.1000	1.48749	33.60	70.44
23	41.4963	1.6662		31.96
24	83.8165	5.2749	1.77250	31.96	49.47
25	-56.3959	Bf		34.26	
[aspherical data]
1	51.6928	0	1.65056E-06	1.96288E-09	-3.82080E-12	7.44465E-15	-5.09935E-18
25	-56.3959	0	4.37160E-06	-2.86290E-10	-4.07099E-13	7.96087E-15	-7.28754E-18
[group data]
G1	1	10	-156.71
G2	11	15	74.82
G3	16	25	55.52
_G2-3	11	25	50.97
[figure]
source	Data/JP2014-048488_Figure11.png
originX	27
originY	406.5
ppmm	10.686
[figure]
source	Data/JP2014-048488_Figure11P.png
originX	12
originY	303
ppmm	11.114
[notes]
