[descriptive data]
title	US 4,061,421 Example 1
[constants]
Scaled	18	1
[variable distances]
Focal Length	18
Angle of View	100
F-Number	3.5
Image Height	43.2
Magnification	0
d0	Infinity
Bf	36.2772
[lens data]
1	35.2854	4.3830	1.65160	42.08	58.7
2	66.5208	0.0972		42.08	
3	23.9166	1.4616	1.80610	30.72	40.9
4	11.6568	6.9912		21.52
5	22.8132	0.9738	1.80610	19.44	40.9
6	11.7936	2.6586		15.51
7	111.6882	3.2814	1.78472	16.58	25.7
8	-187.6050	0.0972		16.58	
9	19.8000	0.9738	1.66750	13.36	41.9
10	10.3734	1.3338		10.52	
11	25.4538	1.4616	1.75700	10.62	47.9
12	9.9576	10.5174	1.64769	10.62	33.8
13	-14.1210	0		10.62	
13AS	AS	1.8990		9.482
14	-30.1194	6.6708	1.74320	10.30	49.4
15	-14.1048	1.4616	1.80518	11.90	25.4
16	68.0526	0.7884		11.96	
17	-34.7904	2.4354	1.61800	13.86	63.4
18	-13.9842	0.0972		13.86	
19	-106.7886	2.7270	1.61800	16.80	63.4
20	-21.1140	Bf		16.80	
[group data]
f1	1	2	109.26
f4	7	8	89.64
[figure]
source	Data/US004061421_Figure01.png
originX	116.64
originY	478.91
ppmm	22.134
[notes]
