[descriptive data]
title	JP 2015-200845 Example 3
[constants]
[variable distances]
Focal Length	34.28	undefined
Angle of View	64.52	undefined
F-Number	1.45	undefined
Image Height	43.28	43.28
Total Length	135.83	135.83
Magnification	0	-0.19406
S	Infinity	300
d0	Infinity	163.89
d9	8.10	0.79
d15	5.62	5.62
Bf	38.99	46.30
[lens data]
1	57.537	3.00	1.64000	54.20	60.1
2	26.533	11.82		44.77
3	30275.720	3.00	1.58313	44.06	59.4
4	33.009	2.80		42.38	
5	62.337	7.05	1.91082	42.38	35.3
6	-100.178	5.49		42.38	
7	-49.964	1.50	1.69895	37.72	30.1
8	41.962	6.69	1.91082	37.72	35.3
9	-163.205	d9		37.72	
10	53.176	5.83	1.88300	37.18	40.8
11	-177.927	2.19		37.18	
12	68.697	5.71	1.59522	33.42	67.7
13	-76.651	1.02	1.69934	33.42	26.4
14	-50.341	1.55	1.69895	33.42	30.1
15	31.098	d15		27.96	
16	AS	6.96		26.596
17	-22.290	4.52	1.49700	27.30	81.5
18	-16.536	1.50	1.73800	28.50	32.3
19	-43.827	0.13		31.18	
20	91.538	7.63	1.59522	33.36	67.7
21	-32.553	0.30		33.36	
22	-94.707	4.45	1.85400	35.14	40.4
23	-40.988	Bf		35.68	
[aspherical data]
4	33.009	0	-4.72094E-06	-4.59421E-09	9.92671E-13	-4.41856E-15	
22	-94.707	0	-7.55876E-06	4.60713E-09	-4.19026E-11	1.07707E-13	-1.18808E-16
[group data]
L1	1	-147.21
L2	10	90.29
L3	16	43.84
[figure]
source	Data/JP2015-200845_Figure05.png
originX	46.64
originY	488.39
ppmm	7.792
[notes]
Bill: d0 and Magnification measured.
