[descriptive data]
title	US 2010/0033848 Example 2
[variable distances]
Focal Length	34.81
Angle of View	63.72
F-Number	1.45
Image Height	43.28
Total Length	126.57
Magnification	0
d0	Infinity
Bf	38.47
[lens data]
1	126.933	2.70	1.51742	50.86	52.4
2	26.727	8.15		41.59	
3	87.278	3.30	1.48749	41.37	70.2
4	27.694	3.81		38.76	
5	52.883	5.94	1.88300	38.75	40.8
6	-192.056	3.55		38.28	
7	-45.007	2.10	1.60342	37.98	38.0
8	49.133	6.48	1.83481	36.65	42.7
9	-111.470	4.72		36.34	
10	46.511	5.35	1.83481	34.36	42.7
11	-151.760	0.09		34.02	
12	106.328	5.82	1.56907	32.17	71.3
13	-43.299	1.70	1.65412	31.12	39.7
14	31.509	8.47		27.05	
15	AS	6.59		25.56	
16	-19.704	1.40	1.80000	24.97	29.9
17	2353.870	4.60	1.77250	28.20	49.6
18	-49.934	0.25		29.49	
19	85.705	7.85	1.59240	31.49	68.3
20	-32.265	0.25		32.36	
21	-101.111	4.97	1.75500	33.33	52.3
22	-37.105	Bf		34.89	
[aspherical data]
4	27.694	0	-7.69140E-06	-7.61870E-09	-3.57040E-12	-6.79480E-15
21	-101.111	0	-9.53170E-06	-2.99750E-09	-2.46280E-13	-1.16180E-14
[figure]
source	Data/US20100033848_Figure03.png
originX	77.47
originY	382.98
ppmm	10.608
[notes]
Bill: Patent supplies all diameters.
