[descriptive data]
title	US 2010/0033848 Example 1
[variable distances]
Focal Length	34.59
Angle of View	64.04
F-Number	1.45
Image Height	43.28
Total Length	126.93
Magnification	0
d0	Infinity
Bf	37.98
[lens data]
1	131.721	2.70	1.51742	51.15	52.4
2	26.789	8.10		41.76	
3	84.345	3.30	1.48749	41.55	70.2
4	26.762	3.94		38.86	
5	49.974	6.16	1.88300	38.88	40.8
6	-249.304	4.23		38.32	
7	-45.194	2.10	1.61293	37.47	37.0
8	51.936	6.44	1.83481	36.27	42.7
9	-104.883	5.03		35.95	
10	44.614	5.67	1.83481	34.71	42.7
11	-147.133	0.09		34.35	
12	80.063	5.84	1.49700	32.02	81.5
13	-48.382	1.70	1.65412	30.83	39.7
14	30.631	7.90		26.86	
15	AS	6.44		25.52	
16	-20.281	1.40	1.80000	24.92	29.9
17	207.522	4.59	1.80400	28.09	46.6
18	-56.354	0.25		29.21	
19	79.507	7.92	1.59240	31.04	68.3
20	-32.694	0.25		32.38	
21	-119.896	4.93	1.77250	33.41	49.6
22	-39.518	Bf		34.91	
[aspherical data]
4	26.762	0	-8.24273E-06	-8.75030E-09	-2.15137E-12	-1.21085E-14
21	-119.896	0	-9.26947E-06	-3.03922E-09	-1.77751E-13	-1.10418E-14
[figure]
source	Data/US20100033848_Figure01.png
originX	122.46
originY	394.13
ppmm	10.941
[notes]
Bill: Patent supplies all diameters.
