[descriptive data]
title	US 2010/0033848 Example 3 (Canon EF24mm f1.4L II USM)
[variable distances]
Focal Length	24.54
Angle of View	82.80
F-Number	1.45
Image Height	43.28
Total Length	129.35
Magnification	0
d0	Infinity
Bf	38.48
[lens data]
1	64.588	2.90	1.83481	54.54	42.7
2	27.134	8.59		43.79	
3	78.633	3.35	1.58373	43.49	59.0
4	26.588	6.91		39.29	
5	104.899	5.15	1.88300	39.12	40.8
6	-104.899	0.89		38.77	
7	-72.964	2.10	1.49700	38.69	81.5
8	46.394	5.95	1.83481	35.93	42.7
9	-224.128	3.78		35.24	
10	37.165	6.85	1.83400	27.97	37.2
11	-46.716	1.50	1.60342	26.11	38.0
12	19.654	5.07		23.04	
13	-76.688	1.30	1.65412	23.11	39.7
14	76.688	0.20		23.76	
15	26.781	6.55	1.49700	25.16	81.5
16	-64.437	3.40		25.15	
17	AS	6.64		24.16	
18	-18.579	3.55	1.48749	23.65	70.2
19	-15.481	1.60	1.84666	24.36	23.8
20	-42.869	0.20		28.10	
21	103.587	8.20	1.61800	30.90	63.4
22	-28.200	0.20		31.60	
23	-116.641	6.00	1.85100	32.83	40.4
24	-33.790	Bf		34.92	
[aspherical data]
4	26.588	0	-5.60340E-06	-8.81490E-09	??3.9223E-12	-2.27560E-14
23	-116.641	0	-1.19610E-05	-2.86590E-09	-7.06470E-12	-1.34550E-14
[figure]
source	Data/US20100033848_Figure05P.png
originX	11.55
originY	89.51
ppmm	1.937
[figure]
source	Data/US20100033848_Figure05.png
originX	76.34
originY	390.37
ppmm	11.033
[notes]
Bill: Patent supplies all diameters.
