[descriptive data]
title	US 2025/0155694 Example 1 (Canon RF70-200mm F2.8 L IS USM Z)
[constants]
[variable distances]
Focal Length	72.00	120.07	194.00
Angle of View	33.44	20.42	12.72
F-Number	2.90	2.90	2.90
Image Height	43.28	43.28	43.28
Total Length	217.10	217.10	217.10
Magnification	0	0	0
d0	Infinity	Infinity	Infinity
d5	1.48	24.67	42.97
d9	8.46	10.54	13.14
d11	20.31	8.04	1.81
d15	31.22	18.22	3.55
d26	1.88	2.65	1.54
d29	18.60	17.83	18.94
d31	5.56	6.75	2.28
d33	9.48	8.29	12.76
Bf	37.13	37.13	37.13
P	87.99	147.59	199.11
P'	-80.55	-77.00	-88.84
H	115.94	141.34	94.34
H'	-34.87	-82.94	-156.87
[lens data]
1	118.641	1.45	1.74951	67.72	35.3	S-LAM7	Ohara
2	75.807	10.58	1.43875	66.17	94.7	S-FPL55	Ohara
3	-665.627	0.20		65.63	
4	74.187	7.71	1.43875	64.07	94.7	S-FPL55	Ohara
5	280.505	d5		63.15	
6	71.420	5.82	1.56732	46.31	42.8	E-FL6	Hoya
7	-798.337	0.20		44.70	
8	233.290	1.40	1.65160	41.82	58.5	S-LAL7Q	Ohara
9	38.096	d9		36.43	
10	-74.807	1.40	1.53775	34.56	74.7	S-FPM3	Ohara
11	61.389	d11		33.04	
12	52.538	3.55	1.85478	33.57	24.8	S-NBH56	Ohara
13	149.814	3.46		33.25	
14	-62.946	1.40	1.59349	33.21	67.0	PCD51	Hoya
15	283.696	d15		33.65	
16	AS	0.40		34.39	
17	31.136	10.95	1.49700	35.88	81.5	S-FPL51	Ohara
18	-70.106	0.20		35.11	
19	321.201	1.40	1.77047	33.74	29.7	NBFD29	Hoya
20	35.344	4.34		32.10	
21	69.827	1.05	1.85478	32.51	24.8	S-NBH56	Ohara
22	36.387	6.37	1.80400	32.14	46.5	S-LAH65VS	Ohara
23	-336.651	0.07	1.58946	31.90	30.6
24	-302.040	3.01		31.89	
25	44.773	5.10	1.59522	30.31	67.7	S-FPM2	Ohara
26	-541.557	d26		29.34	
27	795.915	2.78	1.92286	27.23	20.9	E-FDS1	Hoya
28	-86.227	1.10	1.62299	26.99	58.2	BACD15	Hoya
29	26.939	d29		25.80	
30	-154.619	4.65	1.58313	30.94	59.4	BACD12	Hoya
31	-41.311	d31		31.40	
32	-48.413	1.30	1.77047	31.25	29.7	NBFD29	Hoya
33	Infinity	d33		32.25	
34	126.157	3.10	2.00100	38.91	29.1	TAFD55	Hoya
35	-1961.022	Bf		39.01	
[aspherical data]
17	31.136	0	-4.11423E-06	-4.02996E-10	-4.42991E-12	5.14141E-16	
18	-70.106	0	3.38559E-06	-7.98271E-10	-3.40353E-12	4.45865E-15	
24	-302.040	0	5.60156E-07	5.19683E-10	-2.15534E-13	-1.04557E-15	
30	-154.619	0	7.95991E-06	-1.42359E-08	1.09768E-10	-4.12759E-13	5.90882E-16
31	-41.311	0	6.06354E-06	-1.52294E-08	1.08850E-10	-4.00403E-13	5.48878E-16
[element data]
1	-284.27
2	155.79
3	227.3
4	115.83
5	-70.07
6	-62.48
7	93.09
8	-86.67
9	45.
10	-51.66
11	-90.2
12	41.16
13	4980.24
14	69.7
15	84.43
16	-32.83
17	95.23
18	-62.84
19	118.5
[group data]
B1	1	138.69	19.94	4.25	-9.53
B2	6	-197.36	7.42	13.35	8.06
B3	10	-62.48	1.40	0.50	-0.41
B4	12	86681.55	8.41	-6517.96	-6068.02
B5	16	37.05	32.89	13.85	-13.35
B6	27	-54.40	3.88	2.39	0.26
B7	30	95.23	4.65	3.95	1.05
B8	32	-62.84	1.30	-0.00	-0.73
B9	34	118.50	3.10	0.09	-1.46
[figure]	
source	Data/US20250155694_Figure01.png
originX	63.27
originY	434.72
ppmm	8.902
[figure]	
source	Data/US20250155694_Figure01P.png
originX	17.53
originY	81.52
ppmm	1.684
[notes]
Bill: Patent diameters including AS
[report data]
lens name	Canon RF 70-200mm F2.8 L IS USM Z
scenarios	0	2
names	70mm f2.8	200mm f2.8