[descriptive data]
title	WO 2021/200206 Example 2 (Sony FE 12-24mm F2.8 GM)
[constants]
[variable distances]
Focal Length	12.37	23.29
Angle of View	120.4	85.71
F-Number	2.91	2.91
Image Height	43.2	43.2
Magnification	0	0
Bf	15.5	31.21
d10	19.75	1.3
d11	10.16	3.0
d14	9.31	7.34
Aperture Diameter	16.23	23.63
d19	3.2	2.0
d22	2.97	4.17
[lens data]
1	81.854	3.2	1.58313	77.96	59.46	M-BACD12
2	17.0	16.4		49.69		
3	53.509	2.1	1.76802	47.55	49.24	M-TAF101
4	24.124	10.41		36.29		
5	-378.999	1.65	1.55032	35.46	75.5	FCD705
6	56.286	4.12		33.74		
7	-123.328	1.55	1.437	33.65	95.1	FCD100
8	84.487	0.2		33.32		
9	48.484	4.58	1.85026	33.42	32.27	S-LAH71
10	-680.725	d10		33.0		
11	FS	d11		22.3		
12	30.971	1.2	1.92119	24.69	23.96	FDS24
13	17.99	6.78	1.6727	23.87	32.17	E-FD5
14	-587.713	d14		23.81		
15	AS	1.0		16.23		
16	53.73	1.2	1.95375	23.6	32.32	TAFD45
17	27.989	0.25		23.08		
18	19.431	4.45	1.59201	23.91	67.02	M-PCD51
19	48.888	d19		23.53		
20	22.515	1.3	1.95375	23.26	32.32	TAFD45
21	13.361	9.57	1.55032	21.29	75.5	FCD705
22	-57.507	d22		20.9		
23	-54.963	4.21	1.89286	19.64	20.36	S-NPH4
24	-16.371	1.25	1.95375	20.2	32.32	TAFD45
25	-54.938	0.25		21.6		
26	55.041	6.67	1.437	22.49	95.1	FCD100
27	-20.534	0.26		22.73		
28	-28.62	1.15	2.001	22.06	29.13	TAFD55
29	-286.252	2.39		22.7		
30	-42.72	1.42	1.85135	22.8	40.1	M-TAFD305
31	-194.772	0.2		25.0		
32	100.0	2.5	1.497	27.1	81.61	FCD1
33	-338.071	Bf		27.93		
[aspherical data]
1	81.854	0.0116003	-1.65355E-7	1.17463E-9	-3.83525E-13	7.63751E-17	3.53834E-20	
2	17.0	-0.667543	-2.70493E-6	-1.00491E-8	4.57727E-12	-1.85805E-14	-5.01144E-18	
3	53.509	0.00639569	-1.90031E-5	3.6724E-8	-3.69202E-11	1.47478E-14	2.86478E-19	
4	24.124	0.147359	-1.52241E-5	4.28831E-8	3.97935E-11	-2.05537E-13	4.71911E-16	
18	19.431	0.0	-1.01036E-5	-3.18092E-8	-6.54421E-11	1.2611E-13	
19	48.888	0.0	-4.54563E-6	-2.7747E-8	-6.43216E-11	3.71318E-13	
30	-42.72	0.0	-5.01451E-5	7.60009E-8	-1.12942E-10	-1.79084E-12	
31	-194.772	0.0	-2.10249E-5	1.44746E-7	-2.43205E-10	-1.87381E-13	
[notes]
Generated by Beam42
[patent info]
country	EU
number	WO2021/200206
example	2
year applied	2021
inventors	KATO TAKUYA
current assignee	Sony Group Corp
link	https://patents.google.com/patent/WO2021200206A1/en
[report data]
lens name	Sony FE 12-24mm F2.8 GM
scenarios	0	1
names	12mm f2.8	24mm f2.8
