[descriptive data]
title	US 4,534,626 Example 4
[constants]
Scaled	250	100
[variable distances]
Focal Length	250.000	250.213	249.870
Angle of View	10.2	undefined	undefined
F-Number	2	undefined	undefined
Image Height	43.2	43.2	43.2
Magnification	0	-0.03348	-0.10212
d0	Infinity	7625	2575
d8	35.528	37.860	46.080
d11	10.775	14.305	14.383
d14	45.305	40.395	28.775
d14AS	32.035	27.125	15.505
Bf(p)	undefined	undefined	undefined
Bf	77.49	80.60	85.76
[lens data]
1	134.12325	24.74225	1.49700	125.62	81.61
2	-583.58675	0.50525		125.62	
3	125.7725	14.9485	1.61700	114.98	62.79
4	481.442	7.52575		114.98	
5	-1022.10275	7.2165	1.65412	109.88	39.70
6	84.8525	7.2165		98.42	
7	103.01925	14.0205	1.49700	93.08	81.61
8	1869.51275	d8		93.08	
9	-199.40925	8.763	1.73400	71.38	51.49
10	-122.57475	5.15475	1.46450	71.38	65.94
11	174.9795	d11		67.10	
12	1565.94225	8.2475	1.68893	63.44	31.08
13	-101.763	4.12375	1.51742	63.44	52.41
14	76.28825	d14AS		58.32	
14AS	AS	13.27		51.063
15	157.68775	7.732	1.77250	51.28	49.66
16	-110.88725	3.09275		51.28	
17	-103.268	3.09275	1.62004	51.38	36.25
18	74.51475	6.90725	1.67790	48.00	55.33
19	-579.11125	4.12375		48.00	
20	Infinity	2.57725	1.51633	47.12	64.15
21	Infinity	Bf		47.12	
[group data]
L1	1	2	222.00
L5-6	9	11	-240.50
L7-8	12	14	-217.00
[figure]
source	Data/US004534626_Figure01.png
originX	79.95
originY	415.44
ppmm	5.650
[notes]
Bill: Magnification measured.
