[descriptive data]
title	US 4,534,626 Example 2
[constants]
Scaled	250	100
[variable distances]
Focal Length	250.000	250.288	249.765
Angle of View	10.2	undefined	undefined
F-Number	2	undefined	undefined
Image Height	43.2	43.2	43.2
Magnification	0	-0.03329	-0.10274
d0	Infinity	7625	2575
d8	33.635	35.300	40.488
d11	13.218	14.248	16.825
d14	44.705	42.125	38.003
d14AS	33.645	29.065	24.943
Bf(p)	undefined	undefined	undefined
Bf	77.49	81.91	87.47
[lens data]
1	149.71975	21.64825	1.45650	125.62	90.80
2	-628.442	0.50525		125.62	
3	110.40875	17.01025	1.49700	114.98	81.61
4	582.69525	7.52575		114.98	
5	-2156.20225	7.2165	1.65412	109.88	39.70
6	87.3215	7.2165		98.42	
7	105.5825	14.0205	1.61800	94.35	63.38
8	4674.6745	d8		94.35
9	-196.79925	8.763	1.73400	71.38	51.49
10	-102.591	5.15475	1.46450	71.38	65.94
11	143.5135	d11		67.10	
12	-991.64725	8.2475	1.74077	63.44	27.79
13	-113.52575	4.12375	1.50847	63.44	60.83
14	66.998	d14AS		58.32	
14AS	AS	13.06		50.684
15	122.76125	7.73075	1.77250	51.28	49.66
16	-115.52375	3.09275		51.28	
17	-108.30875	3.09275	1.64769	51.38	33.80
18	72.09475	6.90725	1.67790	48.00	55.33
19	-794.9635	4.12375		48.00	
20	Infinity	2.57725	1.51633	47.12	64.15
21	Infinity	Bf		47.12	
[group data]
L1	1	2	267.25
L5-6	9	11	-229.25
L7-8	12	14	-159.25
[figure]
source	Data/US004534626_Figure01.png
originX	79.95
originY	415.44
ppmm	5.678
[notes]
Bill: Magnification measured.
