[descriptive data]
title	US 4,534,626 Example 3
[constants]
Scaled	250	100
[variable distances]
Focal Length	250.000	250.100	249.543
Angle of View	10.2	undefined	undefined
F-Number	2	undefined	undefined
Image Height	43.2	43.2	43.2
Magnification	0	-0.03320	-0.10196	0
d0	Infinity	7625	2575
d8	35.513	37.640	44.330
d11	10.190	11.220	13.798
d14	32.710	28.005	17.190
Bf(p)	undefined	undefined	undefined
Bf	77.49	82.24	88.50
[lens data]
1	144.35125	21.6495	1.45650	125.62	90.80
2	-647.72075	0.50525		125.62	
3	115.85625	17.01025	1.61800	114.98	63.38
4	546.398	7.52575		114.98	
5	-5730.23925	7.2165	1.65412	109.88	39.70
6	83.34375	7.2165		98.42	
7	103.9065	14.0205	1.49700	93.08	81.61
8	864.023	d8		93.08	
9	-201.00175	8.763	1.73400	71.38	51.49
10	-122.24325	5.15475	1.46450	71.38	65.94
11	182.65525	d11		67.10	
12	967.713	8.2475	1.68893	63.44	31.08
13	-104.138	4.12375	1.51742	63.44	52.41
14	73.405	d14		58.32	
14AS	AS	13.04		51.121
15	148.3865	7.732	1.73400	51.28	51.49
16	-108.37525	3.09275		51.28	
17	-102.922	3.09275	1.61293	51.38	37.00
18	72.87525	6.90725	1.67790	48.00	55.33
19	-626.22075	4.12375		48.00	
20	Infinity	2.57725	1.51633	47.12	64.15
21	Infinity	Bf		47.12	
[group data]
L1	1	2	260.75
L5-6	9	11	-249.50
L7-8	12	14	-216.25
[figure]
source	Data/US004534626_Figure01.png
originX	79.95
originY	415.44
ppmm	5.680
[notes]
Bill: Magnification measured.
