[descriptive data]
title	JP 1987-108218 Example 3 (Nikon AF Zoom-Nikkor 80-200mm f/2.8D ED)
[constants]
[variable distances]
Focal Length	80	196	undefined	undefined
Angle of View	undefined	undefined	undefined	undefined
F-Number	2.88	2.88	2.9	3.2
Image Height	43.2	43.2	43.2	43.2
Magnification	0	0	-0.055	-0.135
d0	Infinity	Infinity	1573.81	1571.01
d5	1.834	42.435	12.330	52.931
d13	26.536	1.891	26.536	1.891
d18	18.005	2.049	18.005	2.049
Bf	66.158	66.158	66.158	66.158
[lens data]
1	106.671	3.0	1.80458	72.89	25.5
2	74.124	10.3	1.49782	69.72	82.6
3	-2623.000	0.2		69.72
4	103.020	7.2	1.49782	67.03	82.6
5	2355.419	d5		67.03
6	-661.360	3.9	1.62588	43.60	35.6
7	-73.993	1.6	1.56384	44.12	60.8
8	48.003	7.1		38.98	
9	-65.921	1.5	1.51680	38.98	64.1
10	52.925	4.7	1.80458	40.24	25.5
11	557.450	2.5		38.98	
12	-90.100	1.6	1.71300	38.98	54.0
13	221.989	d13		41.89
14	861.840	4.5	1.51835	41.04	60.3
15	-67.730	0.2		41.04	
16	104.039	7.5	1.56384	40.52	60.8
17	-52.847	1.8	1.75692	40.52	31.7
18	-546.069	d18		40.52	
19	50.319	5.8	1.49782	40.96	82.6
20	885.620	0.2		40.96	
21	43.598	6.4	1.48749	38.92	70.2
22	-29900.000	1.8	1.80458	38.92	25.5
23	292.520	9.2		38.92	
23AS	AS	2.2		28.662
24	567.530	1.5	1.74400	28.50	45.1
25	28.808	16.7		27.48	
26	86.073	3.3	1.66755	30.72	42.0
27	-192.609	Bf		30.72	
[figure]
source	Data/JP1987-108218_Figure01.png
originX	26.82
originY	502.87
ppmm	8.405
[figure]
source	Data/JP1987-108218_Figure01P.png
originX	37.73
originY	68.85
ppmm	1.509
[notes]
Bill: d0 Measured.
