[descriptive data]
title	US 7,411,745 Example 3
[constants]
[variable distances]
Focal Length	195.0
Angle of View	12.62
F-Number	1.84
Image Height	43.2
Magnification	0
Bf	58.102
[lens data]
1	104.204	20.0	1.49782	106.76	82.57	J-FKH1
2	-630.89	0.3		106.76		
3	88.701	21.0	1.49782	95.76	82.57	J-FKH1
4	-270.095	4.0	1.7481	93.7	52.3	E-LAKH1
5	128.345	15.39		83.98		
6	71.441	8.0	1.456	73.74	91.37	J-FKH2
7	174.32	1.0		73.74		
8	74.005	3.0	1.7481	67.86	52.3	E-LAKH1
9	34.121	15.0	1.49782	58.04	82.57	J-FKH1
10	126.546	5.5		58.04		
11	-957.711	4.8	1.8045	50.24	39.64	NBFD3
12	-100.138	3.0	1.51454	48.64	54.63	CF3
13	55.554	8.0		42.24		
14	-109.151	6.0	1.80384	41.42	33.89	E-LAFH2
15	-51.923	3.0	1.6228	40.82	57.04	E-SK10
16	54.98	15.5239		37.54		
17	AS	1.2		36.68		
18	111.154	4.5	1.7481	37.94	52.3	E-LAKH1
19	-121.699	2.7		37.94		
20	-49.128	3.0	1.72825	37.94	28.38	J-SF10
21	-104.898	8.0		37.94		
22	413.276	5.0	1.64	39.74	60.09	E-LAK01
23	-69.215	58.102		39.74		
[aspherical data]
[notes]
Generated by Beam42
[patent info]
[report data]
