[descriptive data]
title	US 7,411,745 Example 2
[constants]
[variable distances]
Focal Length	195	undefined
Angle of View	12.54	undefined
F-Number	1.84	undefined
Image Height	43.2	43.2
Total Length	undefined	undefined
Magnification	0	-0.126
d0	Infinity	1680
d9	19	29.097
d14	14.9728	4.8758
Bf	58.781	58.8254
[lens data]
1	106.0260	18.00	1.49782	108.04	82.6
2	-4696.0440	0.30		108.04	
3	87.0360	22.00	1.49782	99.04	82.6
4	-431.2530	4.00	1.69680	95.56	55.6
5	201.0470	1.00		89.82	
6	73.2720	11.00	1.49782	82.24	82.6
7	172.5300	3.00	1.78797	79.82	47.5
8	39.0200	18.50	1.49782	66.52	82.6
9	426.3430	d9		66.52	
10	-200.0000	3.00	1.48749	45.86	70.5
11	56.7950	5.20		42.52	
12	-280.5010	8.00	1.80384	41.24	33.9
13	-36.5640	3.00	1.64000	40.98	60.1
14	49.5730	d14		38.18	
15	AS	1.20		35.619
16	105.1030	5.00	1.74810	37.92	52.3
17	-85.6830	2.50		37.92	
18	-40.9040	3.00	1.80518	37.92	25.4
19	-92.8490	7.00		37.92	
20	-316.4190	5.00	1.64000	40.12	60.0
21	-48.8970	Bf		40.12	
[group data]
G1	1	9	124.80
G2	10	14	-41.479
[figure]
source	Data/US007411745_Figure05.png
ppmm	20.62418214
originX	56
originY	1569
[notes]
