[descriptive data]
title	US 7,411,745 Example 4
[constants]
[variable distances]
Focal Length	195	undefined
Angle of View	12.62	undefined
F-Number	1.84	undefined
Image Height	43.2	43.2
Total Length	undefined	undefined
Magnification	0	-0.1255
d0	Infinity	1680
d10	5.1	14.3665
d15	10.4923	1.2258
Bf	59.8526	59.8821
[lens data]
1	112.3730	14.00	1.44679	109.06	91.0
2	634.9730	0.30		109.06	
3	100.5570	18.00	1.44679	104.56	91.0
4	2343.0870	0.30		104.56	
5	84.1800	17.00	1.44679	91.44	91.0
6	-509.8580	4.00	1.72000	89.20	50.2
7	123.0400	16.59		79.36	
8	62.3030	3.00	1.74400	64.20	45.0
9	32.7000	16.00	1.49782	55.60	82.5
10	114.5700	d10		55.60	
11	492.1300	3.00	1.51860	44.94	70.0
12	39.5470	9.00		39.82	
13	-129.7520	6.00	1.80454	39.82	39.6
14	-38.2500	3.00	1.69680	39.22	55.6
15	88.6910	d15		37.00	
16	AS	1.20		35.927
17	154.9260	4.20	1.69680	36.96	55.6
18	-121.5800	2.40		36.96	
19	-52.0650	3.00	1.75692	37.58	31.6
20	-89.5530	5.00		37.58	
21	141.2440	5.40	1.64000	39.44	60.0
22	-87.5410	Bf		39.44	
[group data]
G1	1	10	118.95
G2	11	15	-39.650
[figure]
source	Data/US007411745_Figure10.png
ppmm	20.15888988
originX	25
originY	1516
[notes]
