[descriptive data]
title	US 7,411,745 Example 6
[constants]
[variable distances]
Focal Length	195	undefined
Angle of View	12.59	undefined
F-Number	1.84	undefined
Image Height	43.2	43.2
Total Length	undefined	undefined
Magnification	0	-0.1235
d0	Infinity	1680
d11	4.2055	13.3625
d16	13.1103	3.9533
Bf	57.8766	57.7793
[lens data]
1	139.9370	14.00	1.44679	109.02	91.0
2	-1455.3240	0.30		109.02	
3	130.5030	18.00	1.44679	103.90	91.0
4	-317.4880	4.00	1.51680	102.66	64.1
5	184.9800	0.30		97.54	
6	88.9640	16.00	1.44679	93.24	91.0
7	-1042.7810	4.00	1.51680	91.60	64.1
8	171.0680	27.00		86.90	
9	69.6680	3.00	1.61266	67.08	44.4
10	33.0380	17.00	1.49782	58.12	82.5
11	215.3420	d11		53.52	
12	112.0590	3.00	1.67025	46.36	57.5
13	49.2410	9.00		42.52	
14	-98.7430	6.00	1.80454	40.98	39.6
15	-38.0900	3.00	1.64000	40.46	60.0
16	52.8170	d16		38.92	
17	AS	1.20		35.457
18	97.1820	5.00	1.77279	38.46	49.5
19	-115.0420	3.50		38.46	
20	-40.7830	3.00	1.75692	37.80	31.6
21	-85.5210	5.00		37.80	
22	-459.6440	5.00	1.64000	40.42	60.0
23	-51.4250	Bf		40.42	
[group data]
G1	1	11	118.95
G2	12	16	-39.650
[figure]
source	Data/US007411745_Figure16.png
ppmm	19.93733287
originX	38
originY	1506
[notes]
