[descriptive data]
title	US 7,411,745 Example 5
[constants]
[variable distances]
Focal Length	195	undefined
Angle of View	12.62	undefined
F-Number	1.84	undefined
Image Height	43.2	43.2
Total Length	undefined	undefined
Magnification	0	-0.124
d0	Infinity	1680
d10	2.2542	11.4112
d16	14.6713	5.5143
Bf	58.3952	58.6727
[lens data]
1	149.2640	14.50	1.44679	111.76	91.0
2	-521.4020	0.30		111.76	
3	100.9460	19.00	1.49782	105.62	82.5
4	-521.1110	4.00	1.80411	103.56	46.5
5	206.1740	0.30		97.68	
6	75.0000	13.00	1.44679	93.84	91.0
7	224.6160	20.50		93.84	
8	78.5290	3.00	1.74810	69.00	52.3
9	34.0310	16.00	1.49782	60.40	82.5
10	157.9800	d10		55.00	
11	1149.8080	5.50	1.65844	52.14	50.8
12	-93.5710	3.00	1.48749	51.10	70.4
13	46.8080	8.00		43.32	
14	-106.7880	4.00	1.80518	42.70	25.4
15	-63.0940	2.50	1.61720	42.08	54.0
16	55.6180	d16		40.66	
17	AS	1.20		35.907
18	105.9880	5.00	1.69680	40.04	55.6
19	-99.1260	2.50		40.04	
20	-53.9220	3.00	1.75692	39.72	31.6
21	-149.8320	5.00		39.72	
22	214.8320	5.00	1.64000	41.68	60.0
23	-74.8550	Bf		41.68	
[group data]
G1	1	10	118.95
G2	11	16	-39.650
[figure]
source	Data/US007411745_Figure13.png
ppmm	19.80
originX	36	25
originY	1516
[notes]
