[descriptive data]
title	US20260086320 Example 5
[constants]
[variable distances]
Focal Length	83.35
Angle of View	29.26
F-Number	1.25
Image Height	43.4
Magnification	0
Bf	11.98
[lens data]
1	58.5212	10.855	1.92286	72.0	20.88	E-FDS1
2	261.9967	1.02		72.0		
3	71.1971	9.084	1.59319	65.0	67.9	J-PSKH1
4	-878.2122	3.0	1.84666	65.0	23.8	J-SF03
5	42.9748	3.325		50.0		
6	60.5565	5.263	1.6993	53.5	51.11	S-LAL20
7	253.7786	0.49		53.5		
8	154.1691	2.0	1.59319	50.0	67.9	J-PSKH1
9	40.9973	15.925		43.0		
10	AS	2.498		40.6266		
11	-99.9831	2.0	1.84666	43.0	23.8	J-SF03
12	32.5394	13.0	1.7729	40.0	44.96	
13	-46.3569	0.097		40.0		
14	-46.6097	2.0	1.69895	45.0	30.13	J-SF15
15	38.8903	7.973	1.83174	45.0	42.57	
16	414.7047	4.415		45.0		
17	112.5005	5.73	1.99138	45.0	30.25	
18	-144.1842	10.573		45.0		
19	82.2459	1.7	1.90366	42.0	31.27	J-LASFH13
20	38.2538	6.69	1.755	42.0	52.34	J-LASKH2
21	796.7196	2.0		40.0		
22	114.7753	12.5	1.94594	40.0	17.98	FDS18
23	-52.0466	1.5	1.762	40.0	40.11	J-LAF05
24	61.2649	9.127		36.0		
25	-41.4348	2.5	1.80835	37.0	40.55	L-LAH84
26	-61.6111	11.98		38.0		
[aspherical data]
6	60.5565	-0.3584	-1.10237E-6	-5.09259E-10	-3.91082E-13	1.89705E-16	
25	-41.4348	-1.8812	-6.55273E-6	5.98995E-9	-1.98934E-11	2.05569E-14	
[notes]
Generated by Beam42
[patent info]
[report data]
