[descriptive data]
title	US20260086320 Example 5
[constants]
[variable distances]
Focal Length	83.35	79.81
Angle of View	29.26	25.98
F-Number	1.25	1.31
Total Length	147.26	147.26
Image Height	43.4	43.4
Magnification	0	undefined
d0	Infinity	676.00
d7	0.490	8.542
d9	15.925	7.874
d18	10.573	2.000
d21	2.000	10.573
Bf	11.99	11.99
[lens data]
1	58.5212	10.855	1.92286	72.0	20.88	E-FDS1
2	261.9967	1.020		72.0
3	71.1971	9.084	1.59319	65.0	67.90	J-PSKH1
4	-878.2122	3.000	1.84666	65.0	23.80	J-SF03
5	42.9748	3.325		50.0
6	60.5565	5.263	1.69927	53.5	49.06	S-LAL20
7	253.7786	d7		53.5
8	154.1691	2.000	1.59319	50.0	67.90	J-PSKH1
9	40.9973	d9		43.0
10	AS	2.498		40.6266
11	-99.9831	2.000	1.84666	43.0	23.80	J-SF03
12	32.5394	13.000	1.77290	40.0	44.96
13	-46.3569	0.097		40.0
14	-46.6097	2.000	1.69895	45.0	30.13	J-SF15
15	38.8903	7.973	1.83174	45.0	42.57
16	414.7047	4.415		45.0
17	112.5005	5.730	1.99138	45.0	30.25
18	-144.1842	d18		45.0
19	82.2459	1.700	1.90366	42.0	31.27	J-LASFH13
20	38.2538	6.690	1.75500	42.0	52.34	J-LASKH2
21	796.7196	d21		40.0
22	114.7753	12.500	1.94594	40.0	17.98	FDS18
23	-52.0466	1.500	 1.76200	40.0	40.11	J-LAF05
24	61.2649	9.127		36.0
25	-41.4348	2.500	1.80835	36.0	40.55	L-LAH84
26	-61.6111	Bf		38.0
[aspherical data]
6	60.5565	-0.3584	-1.10237E-06	-5.09259E-10	-3.91082E-13	1.89705E-16
25	-41.4348	-1.8812	-6.55273E-06	5.98995E-09	-1.98934E-11	2.05569E-14
[group data]
G1	1	86.3
G2	8	-94.774
G3	11	94.148
G4	19	160.599
G5	22	−174.714
[notes]
Z Nikkor 85mm f1.2 Prototype