[descriptive data]
title	US 5,323,270 Example 8 (Nikon AF-I Nikkor 300mm f/2.8D ED-IF)
[constants]
[variable distances]
Focal Length	293.9647
Angle of View	8.28
F-Number	2.9
Image Height	43.2
Magnification	0
Bf	37.43
[lens data]
1	117.124	14.4	1.49782	105.78	82.57	J-FKH1
2	9945.0	0.3		101.5		
3	121.736	16.8	1.49782	100.44	82.57	J-FKH1
4	-410.068	4.1		100.44		
5	-335.183	4.7	1.7495	93.78	35.25	J-LAF7
6	480.374	34.6628		93.78		
7	105.825	3.5	1.6968	67.1	55.52	J-LAK14
8	35.452	14.4	1.59319	57.78	67.9	J-PSKH1
9	180.758	5.134		57.78		
10	-9945.0	6.6	1.80384	51.1	33.89	E-LAFH2
11	-80.453	2.3	1.58913	50.3	61.22	J-SK5
12	119.561	5.1		50.3		
13	-172.119	2.3	1.671	43.64	57.28	LAKN4
14	65.626	15.8406		43.64		
15	153.713	7.6	1.49782	42.58	82.57	J-FKH1
16	-70.534	2.5		42.58		
17	-54.182	2.3	1.80458	43.1	25.5	
18	-174.411	9.4		43.1		
19	-280.977	5.4	1.74	43.64	28.2	SF3
20	-67.273	14.0		43.64		
21	AS	62.18		34.781		
22	FS	37.43		34.96		
[aspherical data]
[notes]
Generated by Beam42
[patent info]
[report data]
