[descriptive data]
title	US 5,751,485 Example 9
[constants]
[variable distances]
Focal Length	199.9968
Angle of View	12.23
F-Number	4.07
Image Height	43.2
Magnification	0
Bf	58.72
[lens data]
1	197.7383	2.5	1.80384	51.46	33.89	E-LAFH2
2	85.6098	7.0	1.49782	51.15	82.52	E-FKH1
3	-206.2828	0.3		51.15		
4	71.6067	6.0	1.49782	52.3	82.52	E-FKH1
5	431.0537	6.6433		52.3		
6	79.0168	2.5	1.79631	49.26	40.9	
7	39.9554	8.8	1.60311	45.69	60.67	E-SK14
8	478.742	5.14048		45.69		
9	196.4322	2.0	1.6228	39.05	57.04	E-SK10
10	31.4573	5.0	1.80384	36.3	33.89	E-LAFH2
11	62.3432	3.7		33.81		
12	-105.6139	4.0	1.80518	33.81	25.43	E-SF6
13	-58.945	2.0	1.62041	32.89	60.29	E-SK16
14	49.1628	42.57496		32.89		
15	AS	2.55		30.378		
16	1206.1834	2.0	1.68893	31.93	31.07	E-SF8
17	69.6055	6.0	1.62041	31.93	60.29	E-SK16
18	-59.1728	31.24		31.93		
19	FS	15.26		20.35		
20	-72.7684	2.5	1.7725	29.05	49.61	E-LASF016
21	-436.142	0.4		29.05		
22	86.7935	6.0	1.54814	32.81	45.79	E-LLF1
23	799.3797	58.72		32.81		
[aspherical data]
[notes]
Generated by Beam42
[patent info]
[report data]
