[descriptive data]
[variable distances]
Focal Length	58.0
Angle of View	40.9
F-Number	1.2
Image Height	43.28
Bf	37.78
[lens data]
1	84.12001322169323	6.885	1.795	50.4875	45.31	J-LASF017
2	0.0	0.1		50.4875
3	34.22137487407864	9.75	1.8485	44.832	43.79	J-LASFH22
4	78.0494351773588	1.56		44.832
5	147.70007789597264	2.87	1.74	42.169	28.3	S-TIH3
6	22.87698972969248	8.44		32.12841
7	AS	7.95		31.227
8	-22.676594585987573	1.64	1.74077	31.445	27.79	S-TIH13
9	302.63077698550035	8.196	1.788	40.2	47.37	TAF4
10	-35.90100309212692	0.15		40.2
11	-396.96493379438965	6.147	1.7725	39.5	46.62	J-LASF016
12	-54.438513184455324	0.0		39.5
13	227.22754395681483	4.016	1.795	38.275	45.31	J-LASF017
14	-96.78120780473958	37.78		38.275
[aspherical data]
1	84.12001322169323	3.423989046625126	-4.939163408662723E-7	-1.111253348153393E-9	1.416281327694923E-12	-8.428293546127028E-16