[descriptive data]
title	WO 2021/199923 Example 1 (Sony FE 14mm F1.8 GM)
[constants]
[variable distances]
Focal Length	14.42
Angle of View	113.42
F-Number	1.85
Image Height	43.33
Magnification	0
Bf	15.449273931124184
[lens data]
1	32.125	1.87	1.58313	52.78	59.46	BACD12	Hoya
2	15.036	11.07		38.73		
3	36.239	1.5	1.72916	36.82	54.67	TAC8	Hoya
4	17.755	11.66		29.47		
5	-57.581	1.5	1.59282	27.14	68.62	FCD505	Hoya
6	31.581	0.0		24.93		
7	30.073	7.9	1.68893	24.92	31.16	FD8	Hoya
8	-54.912	2.58		23.19		
9	-27.601	1.2	1.90366	20.98	31.32	TAFD25	Hoya
10	19.77	6.0	1.77047	20.36	29.74	NBFD29	Hoya
11	-114.412	0.6		20.3		
12	36.344	8.0	1.76802	22.73	49.24	M-TAF101	Hoya
13	-47.16	5.71		23.71		
14	AS	6.35		23.33		
15	24.591	6.96	1.437	22.85	95.1	FCD100	Hoya
16	-34.569	0.2		22.04		
17	106.589	5.92	1.497	21.96	81.61	FCD1	Hoya
18	-17.865	1.2	1.85451	21.81	25.15	NBFD25	Hoya
19	55.538	0.75		23.16		
20	32.194	6.1	1.92286	24.97	20.88	E-FDS1	Hoya
21	-46.433	0.2		24.93		
22	-123.478	0.9	1.85451	24.11	25.15	NBFD25	Hoya
23	41.916	2.81		23.4		
24	-500.0	1.4	1.85135	23.43	40.1	M-TAFD305	Hoya
25	298.71	4.78		23.98		
26	-418.53	2.1	1.61997	29.3	63.88	PCD40	Hoya
27	-83.351	15.449273931124184		29.92		
[aspherical data]
1	32.125	0.0	-3.2157E-7	-8.9102E-9	7.2086E-12	-4.2574E-15	-2.1368E-19	
2	15.036	-0.594	5.9716E-6	-2.5549E-9	-4.956E-11	8.1327E-14	-3.5142E-16	
12	36.344	0.0	-6.7796E-6	-1.9157E-8	9.9948E-11	-9.2684E-13	2.2031E-15	
13	-47.16	0.0	2.4694E-6	-2.2906E-8	1.266E-10	-9.188E-13	1.9071E-15	
24	-500.0	0.0	-7.4318E-5	2.573E-7	3.0021E-9	-2.8311E-11	6.5427E-14	
25	298.71	0.0	-3.0668E-5	3.5429E-7	2.3165E-9	-2.1595E-11	4.6042E-14	
[notes]
Generated by Beam42
[patent info]
[report data]
