[descriptive data]
title	JP 2020-042221 Example 1 (Sigma 14-24mm F2.8 DG DN A)
[constants]
AsphericalOddCount	9
[variable distances]
Focal Length	14.50	17.97	23.15
Angle of View	114.29	100.68	84.92
F-Number	2.93	2.93	2.93
Image Height	43.26	43.26	43.26
Total Length	141.1415	136.8766	135.0097
Magnification	0	0	0
d0	Infinity	Infinity	Infinity
d10	17.4502	9.3308	3.1517
d13	8.4183	10.2009	9.5800
d18	9.1955	5.5627	2.6650
Bf	21.5383	27.2429	35.0738
Aperture Diameter	17.193	19.521	22.957
[lens data]
1	85.4412	3.2000	1.69350	67.09	53.18
2	25.6415	5.9311		46.08	
3	32.2488	1.7000	1.59282	48.03	68.62
4	20.4022	9.9424		37.07	
5	44.7525	2.4089	1.59271	38.56	66.97
6	18.6004	8.2083		31.05	
7	-143.3662	1.0000	1.59282	32.40	68.62
8	65.2835	0.2500		30.91	
9	32.7185	3.5498	1.84666	31.96	23.78
10	78.5742	d10		30.75	
11	47.9876	0.7000	1.92119	22.33	23.96
12	18.0927	4.5235	1.75211	22.33	25.05
13	1000.0000	d13		22.33	
14	-45.9274	0.8473	1.80809	22.04	22.76
15	-130.5409	0.1500		23.69	
16	43.8526	0.8157	1.94595	24.29	17.98
17	24.6033	5.0424	1.75520	24.75	27.51
18	-238.9569	d18		24.75	
19	AS	1.2400		17.193
20	26.7826	5.4475	1.43700	25.34	95.10
21	-82.1805	0.1500		25.34	
22	27.6053	0.8000	1.72047	23.99	34.71
23	14.2195	7.7162	1.55032	23.39	75.50
24	-302.0534	3.1611		23.39	
25	-42.7697	0.8000	1.95375	20.70	32.32
26	16.5944	5.1186	1.92286	21.74	20.88
27	165.2911	0.1500		21.74	
28	30.6058	0.8000	1.88300	24.75	40.80
29	15.3700	7.4494	1.55032	24.45	75.50
30	146.1642	1.4019		24.45	
31	-300.0000	2.0350	1.55352	24.45	71.72
32	-70.4549	Bf		25.94	
[aspherical data]
1	85.4412	0	0	8.58209E-06	0.00000E+00	-1.40764E-08	0.00000E+00	3.05748E-11	0.00000E+00	-5.97803E-14	0.00000E+00	9.08590E-17	0.00000E+00	-9.58737E-20	0.00000E+00	6.40051E-23	0.00000E+00	-2.39147E-26	0.00000E+00	3.78519E-30
5	44.7525	0	-5.23111E-05	-1.26716E-05	-1.13040E-05	1.95245E-06	-9.38134E-08	-7.82976E-10	1.22496E-10	1.97968E-12	-1.33295E-14	-1.10265E-14	5.32582E-17	7.28532E-18	1.89244E-19	-1.81192E-20	1.13899E-21	-2.99255E-23	1.48595E-25	-3.31214E-27
6	18.6004	-0.0364842	-3.48559E-05	-1.50563E-05	-1.10043E-05	1.72222E-06	-4.71099E-08	-3.15483E-09	-5.86163E-11	1.76453E-11	-1.10783E-13	-5.28181E-15	-8.35047E-16	5.89441E-17	-9.54814E-18	3.21284E-19	6.43253E-21	-4.91029E-23	1.37261E-24	-5.09803E-25
31	-300.0000	0	0	-2.45667E-05	0.00000E+00	-8.17092E-08	0.00000E+00	2.81370E-09	0.00000E+00	-7.26008E-11	0.00000E+00	1.11778E-12	0.00000E+00	-9.83681E-15	0.00000E+00	4.86452E-17	0.00000E+00	-1.24975E-19	0.00000E+00	1.29336E-22
32	-70.4549	0	0	5.66654E-06	0.00000E+00	5.42201E-08	0.00000E+00	-2.06458E-09	0.00000E+00	3.25090E-11	0.00000E+00	-2.56410E-13	0.00000E+00	1.03356E-15	0.00000E+00	-1.78037E-18	0.00000E+00	-8.07610E-22	0.00000E+00	5.22718E-24
[group data]
G1	1	-18.7938
G2	11	108.8254
G3	14	172.7111
G4	19	43.8312
[figure]
source	Data/JP2020-042221_Figure01.png
originX	36.85
originY	326.00
ppmm	6.583
[figure]
source	Data/JP2020-042221_Figure01P.png
originX	11.54
originY	111.51
ppmm	3.070
[notes]
