[descriptive data]
title	JP 2020-042221 Example 1 (Sigma 14-24mm F2.8 DG DN A)
[constants]
AsphericalOddCount	1
[variable distances]
Focal Length	14.5	23.15
Angle of View	114.29	84.92
F-Number	2.93	2.93
Image Height	43.26	43.26
Magnification	0	0
Bf	21.47	35.07
d10	17.4502	3.1517
d13	8.4183	9.58
d18	9.1955	2.665
Aperture Diameter	17.193	22.957
[lens data]
1	85.4412	3.2	1.6935	67.09	53.2	M-LAC130
2	25.6415	5.9311		46.08		
3	32.2488	1.7	1.59282	48.03	68.62	FCD515
4	20.4022	9.9424		37.07		
5	44.7525	2.4089	1.59271	38.56	66.97	MP-PCD51-70
6	18.6004	8.2083		31.05		
7	-143.3662	1.0	1.59282	32.4	68.62	FCD515
8	65.2835	0.25		30.91		
9	32.7185	3.5498	1.84666	31.96	23.78	FDS90
10	78.5742	d10		30.75		
11	47.9876	0.7	1.92119	22.33	23.96	FDS24
12	18.0927	4.5235	1.75211	22.33	25.05	FF8
13	1000.0	d13		22.33		
14	-45.9274	0.8473	1.80809	22.04	22.76	FD225
15	-130.5409	0.15		23.69		
16	43.8526	0.8157	1.94594	24.29	17.98	FDS18
17	24.6033	5.0424	1.7552	24.75	27.51	S-TIH4
18	-238.9569	d18		24.75		
19	AS	1.24		17.193		
20	26.7826	5.4475	1.437	25.34	95.1	FCD100
21	-82.1805	0.15		25.34		
22	27.6053	0.8	1.72047	23.99	34.71	S-NBH8
23	14.2195	7.7162	1.55032	23.39	75.5	FCD705
24	-302.0534	3.1611		23.39		
25	-42.7697	0.8	1.95375	20.7	32.32	TAFD45
26	16.5944	5.1186	1.92286	21.74	20.88	M-FDS1
27	165.2911	0.15		21.74		
28	30.6058	0.8	1.883	24.75	40.81	TAFD30
29	15.37	7.4494	1.55032	24.45	75.5	FCD705
30	146.1642	1.4019		24.45		
31	-300.0	2.035	1.55352	24.45	71.72	MP-FCD500-20
32	-70.4549	Bf		25.94		
[aspherical data]
1	85.4412	0.0	0.0	8.58209E-6	0.0	-1.40764E-8	0.0	3.05748E-11	0.0	-5.97803E-14	0.0	9.0859E-17	0.0	-9.58737E-20	0.0	6.40051E-23	0.0	-2.39147E-26	0.0	3.78519E-30	
5	44.7525	0.0	-5.23111E-5	-1.26716E-5	-1.1304E-5	1.95245E-6	-9.38134E-8	-7.82976E-10	1.22496E-10	1.97968E-12	-1.33295E-14	-1.10265E-14	5.32582E-17	7.28532E-18	1.89244E-19	-1.81192E-20	1.13899E-21	-2.99255E-23	1.48595E-25	-3.31214E-27	
6	18.6004	-0.0364842	-3.48559E-5	-1.50563E-5	-1.10043E-5	1.72222E-6	-4.71099E-8	-3.15483E-9	-5.86163E-11	1.76453E-11	-1.10783E-13	-5.28181E-15	-8.35047E-16	5.89441E-17	-9.54814E-18	3.21284E-19	6.43253E-21	-4.91029E-23	1.37261E-24	-5.09803E-25	
31	-300.0	0.0	0.0	-2.45667E-5	0.0	-8.17092E-8	0.0	2.8137E-9	0.0	-7.26008E-11	0.0	1.11778E-12	0.0	-9.83681E-15	0.0	4.86452E-17	0.0	-1.24975E-19	0.0	1.29336E-22	
32	-70.4549	0.0	0.0	5.66654E-6	0.0	5.42201E-8	0.0	-2.06458E-9	0.0	3.2509E-11	0.0	-2.5641E-13	0.0	1.03356E-15	0.0	-1.78037E-18	0.0	-8.0761E-22	0.0	5.22718E-24	
[notes]
Generated by Beam42
[patent info]
country	JP
number	JP2020-042221
example	1
year applied	2018
inventors	Ryo Shioda
current assignee	Sigma Corp
link	https://patents.google.com/patent/JP2020042221A/en
[report data]
lens name	Sigma 14-24mm F2.8 DG DN A
scenarios	0	1
names	14mm f2.8	24mm f2.8
