[descriptive data]
title	Zeiss Otus 85mm f1.4
[constants]
[variable distances]
Focal Length	85.0
Angle of View	27.5
F-Number	1.44
Image Height	43.2
Magnification	0
Bf	0.0
[lens data]
1	-540.59	3.04	1.6134	74.6	44.27	S-NBM51
2	92.96	4.25		74.6		
3	88.6548	10.55	1.43875	72.0	94.95	S-FPL53
4	-484.08	0.2		72.0		
5	82.0	8.82	1.497	68.0	81.55	S-FPL51
6	464.0	16.15		68.0		
7	67.15	6.79	1.90315	60.0	29.84	TAFD20
8	160.0	0.5		60.0		
9	30.256	12.62	1.43875	51.0	94.95	S-FPL53
10	94.82	1.5		51.0		
11	96.16	2.54	1.62004	44.0	36.26	S-TIM2
12	20.66	10.25		33.3		
13	AS	5.269		33.3		
14	-38.0	1.15	1.65412	31.712	39.68	S-NBH5
15	25.22	12.34	1.72916	33.0	54.68	S-LAL18
16	-35.79	1.87		34.0		
17	-30.19	1.34	1.673	34.0	38.26	S-NBH52V
18	49.638	7.13	1.834	31.0	37.16	S-LAH60
19	-70.935	0.2		32.0		
20	0.0	3.85	1.76802	32.0	49.24	M-TAF101
21	-70.0	37.95		31.0		
22	0.0	2.0	1.51633	44.0	64.15	BSL7
23	0.0	0.0		44.0		
[aspherical data]
20	0.0	0.0	-1.959168543441034E-6	3.6134295458306448E-9	-1.7976536304808032E-11	6.74926516280178E-14	
21	-70.0	0.0	-5.392035045844329E-7	2.618799037351245E-9	-1.4532568956599672E-11	6.241701E-14	
[notes]
Generated by Beam42
[patent info]
[report data]
lens name	Zeiss Otus 85mm f1.4 Reverse Engineered by [Zhong Fu](https://zhuanlan.zhihu.com/p/2005716764328219465)
