[descriptive data]
title	CN 121091494 A Example 1 (Viltrox AF 14mm F4 Air)
[constants]			
[variable distances]					
Focal Length	14.3	13.7
Angle of View	112.4	112.4
F-Number	4.0	undefined
Image Height	43.2	43.2
Magnification	0	-0.29100
S	Infinity	120
d0	Infinity	40.06
d11	4.85	3.75
d16	3.46	4.65
Bf	0	0
[lens data]					
1	19.932	1.19	1.92	25.30	20.9
2	10.988	2.51		19.68	
3	13.683	1.90	1.50	19.32	81.6
4	6.942	5.58		15.24	
5	100.885	0.98	1.59	14.70	68.3
6	11.083	4.71	1.65	12.70	33.8
7	-26.035	0.51		12.70	
8	-18.999	2.61	1.68	12.28	55.5
9	9.185	3.51	1.67	10.18	45.8
10	-17.739	2.06		10.18	
11	AS	d11		7.054
12	60.769	6.33	1.46	13.30	90.2
13	-7.957	1.18	2.00	13.30	25.4
14	-11.550	0.13		14.92	
15	39.192	4,32	1.46	17.78	90.2
16	-20.113	d16		17.78	
17	-20.676	0.89	1.78	17.94	25.7
18	126.197	2.49		18.46	
19	-12.615	2.08	1.64	18.78	23.5
20	-13.232	0.06		20.52	
21	47.039	3.38	1.59	26.44	68.6
22	-1352.722	12.49		26.44	
23	CG	2.85	1.52	44.10	64.2
24	CG	1.00		44.10	
[aspherical data]
3	13.683	-3.08285	4.043735E-04	-6.207184E-06	5.701304E-08	-3.274096E-10	8.690731E-13
4	6.942	-3.407936	1.418814E-03	-2.502304E-05	3.437591E-07	-3.198244E-09	1.338523E-11
19	-12.615	-2.977833	-2.736220E-05	5.530555E-06	-6.569822E-08	3.343615E-10	-7.618766E-13
20	-13.232	0.190226	2.196878E-04	4.087107E-06	-3.032095E-08	3.865600E-11	3.112713E-13
[figure]
source	Data/CN121091494_Figure01.png
originX	44.19
originY	412.82
ppmm	21.746
[figure]
source	Data/CN121091494_Figure01P.png
originX	19.39
originY	84.53
ppmm	6.064
[notes]
Bill: Measured d0 and Magnification.
