[descriptive data]
title	US 2025/0271647 Example 2
[constants]
[variable distances]
Focal Length	35.0
Angle of View	63.3
F-Number	1.24
Image Height	43.2
Magnification	0
Bf	0.85
[lens data]
1	-82.20822642738366	1.75	1.59551	34.36	39.21	J-F8
2	24.37114462027162	7.35	2.001	30.26	29.14	S-LAH99
3	-1507.7948022228466	0.35		30.26
4	41.125	7.0	1.7432	28.18	49.34	S-LAM60
5	-34.03066808946261	1.4	1.7552	26.96	27.51	S-TIH4
6	24.451823683300166	4.9		24.34
7	AS	1.75		24.472
8	0.0	5.6	1.883	25.54	40.77	S-LAH58
9	-23.527282353033122	1.4	1.738	25.54	32.26	S-NBH53
10	20.615422019674988	8.4	1.7432	25.54	49.34	S-LAM60
11	-72.1110511401108	0.35		25.54
12	27.609853189479292	7.0	1.95375	24.14	32.32	S-LAH98
13	-35.43880633899774	1.4	1.64769	23.36	33.79	S-TIM22
14	21.574316699821438	4.55		23.02
15	-85.2130008219762	2.1	1.92286	23.02	18.9	S-NPH2
16	-91.40272673324627	13.41		23.54
17	0.0	0.75	1.51633	51.34	64.14	S-BSL7
18	0.0	0.85		51.34
[aspherical data]
4	41.125	0.0	-1.0891201424496888E-5	-1.84684929432758E-8	-1.7058208674517347E-13	0.0
11	-72.1110511401108	0.0	-3.6694396859346397E-6	-1.3357457630668004E-8	2.1478458289032857E-11	0.0
16	-91.40272673324627	0.0	2.377112247679613E-5	-2.0043934657579652E-8	1.0909755029372182E-9	-5.727529456546964E-12	1.6018595200042385E-14
[notes]
Generated by Beam42
Input for the version was
leica-m-35mm-f1.2\ver-2i\US20250271647_Example02i.txt
[patent info]
[report data]
