[descriptive data]
[variable distances]
Focal Length	58.0
Angle of View	40.9
F-Number	1.2
Image Height	43.28
Bf	37.78
[lens data]
1	84.05722929476411	6.885	1.795	50.4875	45.31	J-LASF017
2	0.0	0.1		50.4875
3	34.3241262120163	9.75	1.8485	44.832	43.79	J-LASFH22
4	78.07575662166998	1.56		44.832
5	147.52432651852257	2.87	1.74	42.169	28.3	S-TIH3
6	22.92166812162078	8.44		32.12841
7	AS	7.95		31.227
8	-22.73874530737487	1.64	1.74077	31.445	27.79	S-TIH13
9	302.67477697543416	8.196	1.788	40.2	47.37	TAF4
10	-35.99147681805305	0.15		40.2
11	-396.96533499832134	6.147	1.7725	39.5	46.62	J-LASF016
12	-54.48465982765784	0.0		39.5
13	227.18291234448776	4.016	1.795	38.275	45.31	J-LASF017
14	-96.76587804306158	37.78		38.275
[aspherical data]
1	84.05722929476411	0.7159139634086387	1.4432918136299122E-7	-9.296703505970072E-10	1.2722220215346169E-12	-4.953932694297691E-16