[descriptive data]
title	JP 2007-333790 Example 4
[constants]
[variable distances]
Focal Length	51.7
Angle of View	45.4
F-Number	1.25
Image Height	43.2
Magnification	0
d0	Infinity
Bf(p)	38.86
Bf	38.33
[lens data]
1	59.464	5.00	1.772499	44.38	49.6
2	434.922	2.54		44.38	
3	28.643	4.83	1.834807	37.82	42.7
4	45.437	1.27		35.96	
5	64.263	1.29	1.639799	35.96	34.5
6	20.321	11.05		31.04	
7	AS	7.83		28.871
8	-21.234	1.40	1.761821	29.30	26.5
9	518.647	0.22		34.44	
10	2342.354	8.30	1.882997	34.44	40.8
11	-25.509	1.50	1.784723	37.51	25.7
12	-50.638	0.10		37.51
13	-117.876	5.25	1.882997	37.51	40.8
14	-36.768	0.15		39.14	
15	104.781	4.50	1.804000	36.84	46.6
16	-195.847	Bf		36.84	
[aspherical data]
14	-36.768	0	5.07283E-07	6.24548E-11	-5.32814E-14
[figure]
source	Data/JP2007-333790_Figure07.png
originX	166.52
originY	500.57
ppmm	10.937
[notes]
Bill:
