[descriptive data]
title	JP 2007-333790 Example 3
[constants]
[variable distances]
Focal Length	51.7
Angle of View	45.4
F-Number	1.25
Image Height	43.2
Magnification	0
d0	Infinity
Bf(p)	36.96
Bf	38.32
[lens data]
1	61.256	5.13	1.772499	46.58	49.6
2	378.361	0.20		46.58	
3	28.581	5.38	1.834807	39.38	42.7
4	41.591	1.14		36.76	
5	53.806	1.46	1.639799	36.76	34.5
6	20.046	14.18		31.18	
7	AS	7.40		29.015
8	-22.791	1.40	1.728250	29.12	28.5
9	200.954	8.41	1.882997	34.58	40.8
10	-26.648	0.39		34.58	
11	-25.539	1.50	1.728250	34.58	28.5
12	-398.530	0.10		37.64	
13	3053.119	6.84	1.882997	37.64	40.8
14	-37.058	0.15		39.16	
15	110.274	4.69	1.804000	37.20	46.6
16	-133.010	Bf		37.20	
[aspherical data]
16	-133.010	0	1.24397E-06	2.47762E-10	1.57020E-13
[figure]
source	Data/JP2007-333790_Figure05.png
originX	139.41
originY	499.15
ppmm	10.937
[notes]
Bill:
