[descriptive data]
title	JP 2007-333790 Example 2
[constants]
[variable distances]
Focal Length	51.7
Angle of View	45.4
F-Number	1.45
Image Height	43.2
Magnification	0
d0	Infinity
Bf(p)	39.00
Bf	38.46
[lens data]
1	64.421	4.96	1.772499	44.74	49.6
2	481.216	0.20		44.74	
3	27.753	5.21	1.834807	38.88	42.7
4	41.886	1.02		36.86	
5	52.537	1.99	1.639799	36.86	34.5
6	19.423	12.69		30.74	
7	AS	7.50		25.040
8	-22.886	1.40	1.740769	29.70	27.8
9	189.903	8.18	1.882997	34.42	40.8
10	-27.005	1.50	1.688931	34.42	31.1
11	328.798	0.34		37.40	
12	776.890	5.82	1.834807	37.40	42.7
13	-44.070	0.15		37.40	
14	122.457	5.31	1.804000	37.12	46.6
15	-63.985	Bf		37.12	
[aspherical data]
14	122.457	0	-1.18245E-06	2.83622E-10	-1.64498E-13
[figure]
source	Data/JP2007-333790_Figure03.png
originX	203.05
originY	512.74
ppmm	10.937
[notes]
Bill:
