[descriptive data]
title	JP 2007-333790 Example 6
[constants]
[variable distances]
Focal Length	51.7
Angle of View	45.4
F-Number	1.25
Image Height	43.2
Magnification	0
d0	Infinity
Bf(p)	38.91
Bf	38.36
[lens data]
1	64.120	5.01	1.772499	46.44	49.6
2	421.973	0.20		46.44	
3	28.159	5.34	1.834807	39.20	42.7
4	41.800	1.01		37.26	
5	51.846	1.90	1.647689	37.26	33.8
6	19.785	13.93		31.32	
7	AS	7.61		28.814
8	-22.805	1.40	1.728250	29.58	28.5
9	406.253	7.79	1.882997	36.78	40.8
10	-26.631	1.50	1.698947	36.78	30.1
11	210.877	0.33		36.78
12	250.416	6.19	1.834807	37.96	42.7
13	-42.839	0.15		37.44	
14	155.012	5.22	1.804000	37.44	46.6
15	-61.754	Bf		37.44	
[aspherical data]
12	250.416	0	-1.98663E-06	1.54646E-09	-5.47746E-13
[figure]
source	Data/JP2007-333790_Figure11.png
originX	115.78
originY	512.32
ppmm	10.937
[notes]
Bill:
