[descriptive data]
title	JP 2007-333790 Example 5
[constants]
[variable distances]
Focal Length	51.7
Angle of View	45.4
F-Number	1.25
Image Height	43.2
Magnification	0
d0	Infinity
Bf(p)	38.90
Bf	38.35
[lens data]
1	62.587	4.98	1.772499	45.72	49.6
2	425.412	0.20		45.72	
3	28.475	5.61	1.834807	39.08	42.7
4	41.167	1.09		36.28	
5	52.456	1.67	1.639799	36.28	34.5
6	19.851	13.28		31.64	
7	AS	7.24		28.808
8	-23.683	1.40	1.740769	29.56	27.8
9	230.434	7.58	1.882997	33.48	40.8
10	-28.140	0.53		33.48	
11	-26.349	1.50	1.688931	33.48	31.1
12	147.936	0.25		36.90	
13	151.307	6.89	1.834807	36.90	42.7
14	-40.962	0.15		38.12	
15	196.088	5.06	1.804000	37.80	46.6
16	-60.567	Bf		37.80	
[aspherical data]
13	151.307	0	-2.28335E-06	2.28476E-09	-8.03057E-13
[figure]
source	Data/JP2007-333790_Figure09.png
originX	159.19
originY	503.71
ppmm	10.937
[notes]
Bill:
