[descriptive data]
title	JP 2007-333790 Example 7
[constants]
[variable distances]
Focal Length	51.7
Angle of View	45.4
F-Number	1.25
Image Height	43.2
Magnification	0
d0	Infinity
Bf(p)	38.91
Bf	38.37
[lens data]
1	357.223	3.00	1.516330	53.30	64.1
2	723.916	0.20		53.30	
3	232.224	3.00	1.516330	50.76	64.1
4	422.179	0.20		50.76	
5	77.127	4.08	1.772499	46.56	49.6
6	360.100	0.20		46.56	
7	27.850	5.53	1.882997	39.66	40.8
8	37.979	1.19		37.22	
9	48.658	2.31	1.647689	37.22	33.8
10	19.545	13.09		31.54	
11	AS	7.51		28.651
12	-22.920	1.40	1.728250	29.90	28.5
13	103.571	8.48	1.882997	35.14	40.8
14	-28.716	0.43		35.14	
15	-27.309	1.50	1.717362	35.14	29.5
16	-294.563	5.61	1.834807	38.28	42.7
17	-39.480	0.15		38.28	
18	128.768	5.89	1.804000	37.76	46.6
19	-64.343	Bf		37.76	
[aspherical data]
18	128.768	0	-1.42372E-06	1.38551E-10	-1.27713E-13
[figure]
source	Data/JP2007-333790_Figure13.png
originX	85.24
originY	354.85
ppmm	6.619
[notes]
Bill:
