[descriptive data]
[variable distances]
Focal Length	58.0
Angle of View	40.9
F-Number	1.2
Image Height	43.28
Bf	37.78
[lens data]
1	80.93964187674305	6.885	1.795	50.4875	45.31	J-LASF017
2	0.0	0.1		50.4875
3	34.931861275274095	9.75	1.8485	44.832	43.79	J-LASFH22
4	74.79297267908127	1.56		44.832
5	131.59740020542665	2.87	1.74	42.169	28.3	S-TIH3
6	23.338537869659557	8.44		32.12841
7	AS	7.95		31.227
8	-24.17316178236456	1.64	1.74077	31.445	27.79	S-TIH13
9	306.72834752092393	8.196	1.788	40.2	47.37	TAF4
10	-38.26157395765511	0.15		40.2
11	-394.85267793871867	6.147	1.7725	39.5	46.62	J-LASF016
12	-56.999313641580294	0.0		39.5
13	225.71138180533512	4.016	1.795	38.275	45.31	J-LASF017
14	-96.41147731912545	37.78		38.275
[aspherical data]
1	80.93964187674305	0.41593910954498625	-3.3445274668144975E-7	1.1031377665972286E-11	6.757773996018557E-13	-5.761573342842751E-16