[descriptive data]
title	US 2025/0271647 Example 2
[constants]
Scaled	35	1
[variable distances]
Focal Length	35
Angle of View	63.3
F-Number	1.24
Total Length	70.35
Image Height	43.2
Magnification	0
d0	Infinity
Bf(p)	15.40
Bf	0.85
[lens data]
1	-81.75261386289162	1.75	1.59551	34.36	39.21	J-F8
2	24.58257999120171	7.35	2.001	30.26	29.14	S-LAH99
3	-1577.3731448592396	0.35		30.26
4	41.125	7.0	1.7432	28.18	49.34	S-LAM60
5	-46.62265052284911	1.4	1.7552	26.96	27.51	S-TIH4
6	24.629863083910227	4.9		24.34
7	AS	1.75		24.472
8	0.0	5.6	1.883	25.54	40.77	S-LAH58
9	-23.93245722087554	1.4	1.738	25.54	32.26	S-NBH53
10	22.3755424334783	8.4	1.7432	25.54	49.34	S-LAM60
11	-70.33717479185258	0.35		25.54
12	27.51369464572788	7.0	1.95375	24.14	32.32	S-LAH98
13	-35.418808641215094	1.4	1.64769	23.36	33.79	S-TIM22
14	21.408230530518335	4.55		23.02
15	-82.57247691080225	2.1	1.92286	23.02	18.9	S-NPH2
16	-91.6568428322665	13.41		23.54
17	0.0	0.75	1.51633	51.34	64.14	S-BSL7
18	0.0	0.85		51.34
[aspherical data]
4	41.125	0.0	-1.098653210089511E-5	-1.7819971629187337E-8	-8.830557420289717E-13	0.0
11	-70.33717479185258	0.0	-3.735676169538647E-6	-1.27525006491516E-8	1.9461193022176903E-11	0.0
16	-91.6568428322665	0.0	2.462928129770691E-5	-2.0834923460040332E-8	1.0812374881458236E-9	-5.736728661371674E-12	1.5949904265644258E-14
[group data]
VG	1	6	1216.25
MG	8	11	59.15
HG	12	16	65.10
[figure]
source	Data/US20250271647_Figure02.png
originX	85.72
originY	408.48
ppmm	14.389
[notes]
