[descriptive data]
title	US 2025/0271647 Example 2
[constants]
Scaled	35	1
[variable distances]
Focal Length	35
Angle of View	63.3
F-Number	1.24
Total Length	70.35
Image Height	43.2
Magnification	0
d0	Infinity
Bf(p)	15.40
Bf	0.85
[lens data]
1	-81.89479080676603	1.75	1.59551	34.36	39.21	J-F8
2	24.780273573837057	7.35	2.001	30.26	29.14	S-LAH99
3	-1577.3833848706697	0.35		30.26
4	41.125	7.0	1.7432	28.18	49.34	S-LAM60
5	-47.07305547147899	1.4	1.7552	26.96	27.51	S-TIH4
6	24.814205369406505	4.9		24.34
7	AS	1.75		24.472
8	0.0	5.6	1.883	25.54	40.77	S-LAH58
9	-22.87999602590484	1.4	1.738	25.54	32.26	S-NBH53
10	23.231167585068725	8.4	1.7432	25.54	49.34	S-LAM60
11	-72.01550060079663	0.35		25.54
12	27.580395813554393	7.0	1.95375	24.14	32.32	S-LAH98
13	-35.32722858664242	1.4	1.64769	23.36	33.79	S-TIM22
14	21.52541564867839	4.55		23.02
15	-80.96669168781543	2.1	1.92286	23.02	18.9	S-NPH2
16	-92.96710476797219	13.41		23.54
17	0.0	0.75	1.51633	51.34	64.14	S-BSL7
18	0.0	0.85		51.34
[aspherical data]
4	41.125	0.0	-1.1050838494391566E-5	-1.8310680312835907E-8	1.1053416633689078E-12	0.0
11	-72.01550060079663	0.0	-3.72865216273772E-6	-1.3171250965430446E-8	2.0190317742329E-11	0.0
16	-92.96710476797219	0.0	2.4382352231371774E-5	-2.0776345650425206E-8	1.0859846416849663E-9	-5.736657945569047E-12	1.5950092191379997E-14	
[group data]
VG	1	6	1216.25
MG	8	11	59.15
HG	12	16	65.10
[figure]
source	Data/US20250271647_Figure02.png
originX	85.72
originY	408.48
ppmm	14.389
[notes]
