[descriptive data]
title	US 2025/0271647 Example 2
[constants]
[variable distances]
Focal Length	35.0
Angle of View	63.3
F-Number	1.24
Image Height	43.2
Magnification	0
Bf	0.85
[lens data]
1	-45.14130257097362	1.75	1.59551	34.36	39.21	J-F8
2	26.66682265149467	7.35	2.001	30.26	29.14	S-LAH99
3	-130.9917091612707	0.35		30.26		
4	42.02963060611184	7.0	1.7432	28.18	49.34	S-LAM60
5	-28.1701844466078	1.4	1.7552	26.96	27.51	S-TIH4
6	29.4692182045642	4.9		24.34		
7	AS	1.75		24.472		
8	0.0	5.6	1.883	25.54	40.77	S-LAH58
9	-46.30545505257408	1.4	1.738	25.54	32.26	S-NBH53
10	20.12057945420811	8.4	1.7432	25.54	49.34	S-LAM60
11	-84.69250364918614	0.35		25.54		
12	26.8952212503084	7.0	1.95375	24.14	32.32	S-LAH98
13	-34.57503522198205	1.4	1.64769	23.36	33.79	S-TIM22
14	22.52864175656453	4.55		23.02		
15	-64.54680580236648	2.1	1.92286	23.02	18.9	S-NPH2
16	-103.3490119292906	13.41		23.54		
17	0.0	0.75	1.51633	51.34	64.14	S-BSL7
18	0.0	0.85		51.34		
[aspherical data]
4	42.02963060611184	0.0	-8.62921617782276E-6	-1.342558971929082E-8	-1.531947083630983E-11	
11	-84.69250364918614	0.0	-2.261846981549454E-6	-1.018542454232524E-8	1.530069013720622E-11	6.691202976300796E-14	
16	-103.3490119292906	0.0	2.847103618026058E-5	-3.275822424549171E-8	1.171196274655365E-9	-5.500563523310379E-12	1.234593736675926E-14	
[notes]
Generated by Beam42
[patent info]
[report data]
