[descriptive data]
title	US 2025/0271647 Example 2
[constants]
Scaled	35	1
[variable distances]
Focal Length	35
Angle of View	63.3
F-Number	1.24
Total Length	70.35
Image Height	43.2
Magnification	0
d0	Infinity
Bf	0.85
[lens data]
1	-4.514130257097362E+001	1.75	1.608	34.36	38	J-F8
2	2.666682265149467E+001	7.35	2.007	30.26	28	S-LAH99
3	-1.309917091612707E+002	0.35		30.26
4	4.202963060611184E+001	7.00	1.743	28.18	48	S-LAM60
5	-2.817018444660780E+001	1.40	1.760	26.96	28	S-TIH4
6	2.946921820456420E+001	4.90		24.34
7	AS	1.75		24.472
8	Infinity	5.60	1.890	25.54	40	S-LAH58
9	-4.630545505257408E+001	1.40	1.732	25.54	29	S-NBH53
10	2.012057945420811E+001	8.40	1.743	25.54	48	S-LAM60
11	-8.469250364918614E+001	0.35		25.54
12	2.689522125030840E+001	7.00	1.945	24.14	33	S-LAH98
13	-3.457503522198205E+001	1.40	1.644	23.36	34	S-TIM22
14	2.252864175656453E+001	4.55		23.02
15	-6.454680580236648E+001	2.10	1.918	23.02	27	S-NPH2
16	-1.033490119292906E+002	13.41		23.54
19	0.0	0.75	1.51633	51.34	64.14	S-BSL7
20	0.0	0.85		51.34
[aspherical data]
4	4.202963060611184E+001	0	-8.629216177822760E-006	-1.342558971929082E-008	-1.531947083630983E-011
11	-8.469250364918614E+001	0	-2.261846981549454E-006	-1.018542454232524E-008	1.530069013720622E-011	6.691202976300796E-014
16	-1.033490119292906E+002	0	2.847103618026058E-005	-3.275822424549171E-008	1.171196274655365E-009	-5.500563523310379E-012	1.234593736675926E-014
[group data]
VG	1	6	1216.25
MG	8	11	59.15
HG	12	16	65.10
[figure]
source	Data/US20250271647_Figure02.png
originX	85.72
originY	408.48
ppmm	14.389
[notes]
