[descriptive data]
title	US 2025/0271647 Example 2
[constants]
Scaled	35	1
[variable distances]
Focal Length	35
Angle of View	63.3
F-Number	1.24
Total Length	70.35
Image Height	43.2
Magnification	0
d0	Infinity
Bf(p)	15.40
Bf	0.85
[lens data]
1	-80.43537907082809	1.75	1.60342	34.36	38.03	S-TIM5
2	24.436615229663893	7.35	2.001	30.26	29.14	S-LAH99
3	-1577.4080554174977	0.35		30.26
4	41.125	7.0	1.7432	28.18	49.34	S-LAM60
5	-44.591297803465174	1.4	1.7552	26.96	27.51	S-TIH4
6	24.281264763025618	4.9		24.34
7	AS	1.75		24.472
8	0.0	5.6	1.883	25.54	40.77	S-LAH58
9	-23.17428803060984	1.4	1.738	25.54	32.26	S-NBH53
10	19.01616875255559	8.4	1.7432	25.54	49.34	S-LAM60
11	-69.9331032031928	0.35		25.54
12	27.41750146438315	7.0	1.95375	24.14	32.32	S-LAH98
13	-35.70496764130632	1.4	1.64769	23.36	33.79	S-TIM22
14	21.36650249385509	4.55		23.02
15	-83.56628748872288	2.1	1.90366	23.02	31.34	S-LAH95
16	-90.60565524159038	13.98		23.54
17	0.0	0.75	1.51633	51.34	64.14	S-BSL7
18	0.0	0.85		51.34
[aspherical data]
4	41.125	0.0	-1.1102717302000108E-5	-1.805815325933077E-8	-7.316846222738769E-13	0.0
11	-69.9331032031928	0.0	-3.60630061753672E-6	-1.3482853898187443E-8	2.0010228354338994E-11	0.0
16	-90.60565524159038	0.0	2.3920526940356175E-5	-1.7355180821392688E-8	1.0754357295803E-9	-5.7366623281612234E-12	1.5930131869285965E-14
[notes]
Generated by Beam42
