[descriptive data]
title	US 2025/0271647 Example 1
[constants]
Scaled	35	1
[variable distances]
Focal Length	35
Angle of View	62
F-Number	1.25
Total Length	69.65
Image Height	43.2
Magnification	0
d0	Infinity
Bf(p)	15.40
Bf	15.12
[lens data]
1	-88.235	1.75	1.616	33.98	37
2	23.520	7.35	1.978	30.20	30
3	2295.405	0.35		30.20	
4	41.055	7.35	1.743	28.32	48
5	-41.160	1.40	1.707	27.20	30
6	25.865	4.90		24.74	
7	AS	2.45		24.068
8	-119.525	4.20	1.886	24.98	41
9	-25.655	1.40	1.692	24.98	31
10	23.660	8.05	1.743	24.98	48
11	-71.925	0.35		24.98	
12	26.215	7.35	1.920	24.18	36
13	-30.065	1.40	1.661	23.64	33
14	22.435	4.55		22.70	
15	-83.790	2.10	1.902	23.96	29
16	-91.910	Bf		23.96	
[aspherical data]
4	41.055	0	-1.03813E-05	-1.76593E-08			
11	-71.925	0	-4.45481E-07	-1.32173E-08	5.33546E-11		
16	-91.910	0	2.34939E-05	1.88683E-09	8.37965E-10	-3.59734E-12	1.09581E-14
[group data]
VG	1	6	290.50
MG	8	11	77.70
HG	12	16	58.45
[figure]
source	Data/US20250271647_Figure01.png
originX	81.52
originY	426.33
ppmm	14.483
[notes]
