[descriptive data]
title	US20240255740 Example 8 (Nikon Nikkor Z 14-24mm f/2.8 S)
[constants]
[variable distances]
Focal Length	14.4	23.3
Angle of View	115.176	84.861
F-Number	2.91	2.91
Image Height	43.2	43.2
Magnification	0	0
d0	Infinity	Infinity
d8	19.3279	1.5
d12	8.5296	5.941
d30	20.4803	33.4872
Bf	1.0688	1.0688
Aperture Diameter	15.956	18.010
[lens data]
1	342.7914	3.00	1.588870	66.44	61.13		Q-SK55S
2	16.1106	11.6048		43.16
3	49.2913	2.00	1.82098	40.98	42.5
4	25.8983	11.3832		33.62
5	-45.4837	1.5	1.497820	33.62	82.57		J-FKH1
6	54.3748	0.5376		33.62
7	38.8825	6.6444	1.635257	33.62	33.41
8	-91.9824	d8		33.62
9	FS	0.0		22.28
10	33.1746	1.1	1.963	22.28	24.11
11	19.3866	4.3	1.654152	23.25	32.42
12	119.3997	d12		23.74
13	24.1338	1.1	1.846660	23.74	23.8
14	17.5	6.2	1.511153	23.74	65.39
15	-363.4978	1.5		23.74
16	AS	2.8214		15.956
17	-41.4313	1.1	1.953750	21.40	32.33		J-LASFH21
18	27.1802	5.4	1.846660	23.69	23.8		J-SF03
19	-54.0998	0.3995		23.69
20	FS	-0.3		24.69
21	24.5452	6.0	1.497820	24.71	82.57		J-FKH1
22	-55.5602	0.2		24.71
23	51.0776	1.1	1.834810	22.36	42.73		J-LASF05
24	17.5706	5.0	1.497820	20.78	82.57		J-FKH1
25	163.6668	0.2		20.78
26	37.0379	7.0	1.497820	19.73	82.57		J-FKH1
27	-18.4013	1.1	1.834810	19.73	42.73		J-LASF05
28	86.5739	3.9979		21.62
29	-60.3503	2.0	1.860999	22.24	37.1
30	-50.2613	d30		23.64
31	CG	1.6	1.5168	44.5	64.13
32	CG	1.0688		44.5
[aspherical data]
1	342.7914	0.0	1.19707E-05	-1.76977E-08	1.6943E-11	-8.85755E-15	1.9766E-18
2	16.1106	-1.0	7.01276E-06	2.77908E-08	3.97015E-11	-5.16043E-13	6.2126E-16
4	25.8983	0.3632	1.3478E-05	-1.71246E-09	5.11129E-11	3.88045E-13	1.1914E-18
29	-60.3503	0.0	-2.04742E-05	-5.87424E-08	2.99693E-10	-3.41851E-12	7.3793E-15
[figure]
[notes]
